-4.019319713115692139e-01
-3.113264799118041992e+00
-8.330395072698593140e-02
7.346882224082946777e-01
1.473217964172363281e+00
-1.868195235729217529e-01
3.218489587306976318e-01
-1.243564486503601074e-02
-2.503433942794799805e+00
5.380494594573974609e-01
-4.670672118663787842e-01
-5.405450463294982910e-01
-9.520110487937927246e-01
-1.693365931510925293e+00
4.647372961044311523e-01
2.365256696939468384e-01
1.799853682518005371e+00
3.292478024959564209e-01
-5.103961825370788574e-01
1.158335804939270020e+00
1.106064081192016602e+00
2.230723202228546143e-01
1.402992486953735352e+00
1.014540910720825195e+00
7.983954548835754395e-01
7.703202366828918457e-01
1.140539884567260742e+00
-2.069478750228881836e+00
-1.701957881450653076e-01
-1.313739567995071411e-01
7.826406359672546387e-01
3.431860506534576416e-01
-8.475193381309509277e-01
-5.437371134757995605e-01
8.848946690559387207e-01
4.934103786945343018e-01
9.063215255737304688e-01
-1.378822565078735352e+00
-2.928408384323120117e-01
4.488933086395263672e-02
1.863524436950683594e+00
-9.552288055419921875e-02
1.129412174224853516e+00
5.466873645782470703e-01
7.000661492347717285e-01
-2.227129042148590088e-01
1.278206110000610352e+00
1.164211273193359375e+00
1.671337842941284180e+00
8.197407722473144531e-01
-2.789108753204345703e-01
-1.406605958938598633e+00
2.088130950927734375e+00
7.893517017364501953e-01
6.056016683578491211e-01
6.193895936012268066e-01
5.938304662704467773e-01
-1.528359174728393555e+00
2.914307117462158203e-01
3.303288221359252930e+00
-1.677871227264404297e+00
-1.227895259857177734e+00
5.632781982421875000e-01
1.144739627838134766e+00
-9.480263590812683105e-01
2.594972252845764160e-01
-1.002493381500244141e+00
9.552322626113891602e-01
-1.158062219619750977e+00
-3.746980130672454834e-01
2.269034624099731445e+00
-2.778812646865844727e+00
9.723773002624511719e-01
1.179755210876464844e+00
-1.003924846649169922e+00
-5.646572113037109375e-01
4.307187199592590332e-01
-1.025045439600944519e-01
-1.671994805335998535e+00
3.171036839485168457e-01
1.300659179687500000e+00
-5.031995475292205811e-02
5.858814343810081482e-02
-6.360088586807250977e-01
1.889579772949218750e+00
-1.837296605110168457e+00
-1.875453591346740723e+00
-1.026635691523551941e-01
6.366155147552490234e-01
-4.075394570827484131e-02
-2.329577803611755371e-01
-4.421855211257934570e-01
8.185241818428039551e-01
-9.384500980377197266e-02
1.745532512664794922e+00
-3.217609599232673645e-02
6.051330566406250000e-01
-1.587298274040222168e+00
1.314617097377777100e-01
7.415971755981445312e-01
4.866691529750823975e-01
1.060317397117614746e+00
-1.381652951240539551e+00
2.021973848342895508e+00
1.049580097198486328e+00
3.373499810695648193e-01
3.097549974918365479e-01
-1.371583461761474609e+00
-5.738641619682312012e-01
-1.776219725608825684e+00
6.326063275337219238e-01
-1.530279397964477539e+00
-1.292864680290222168e-01
-3.180865645408630371e-01
-1.236053586006164551e+00
-2.490144729614257812e+00
-1.326779127120971680e+00
-2.105192422866821289e+00
5.682838559150695801e-01
-1.243766784667968750e+00
4.799775779247283936e-01
-2.641043901443481445e+00
-4.526897668838500977e-01
-2.053410053253173828e+00
-1.133666396141052246e+00
-6.363110542297363281e-01
2.533053755760192871e-01
2.008532881736755371e-01
