1.435931324958801270e+00
-3.658815622329711914e-01
-9.327913522720336914e-01
-2.634462118148803711e+00
3.993276059627532959e-01
-3.364284634590148926e-01
-2.482703775167465210e-01
2.653225183486938477e+00
1.149782061576843262e+00
-5.556451082229614258e-01
1.196273446083068848e+00
-5.539103746414184570e-01
1.874365210533142090e+00
9.886308312416076660e-01
9.888383150100708008e-01
1.933238506317138672e+00
-1.208177208900451660e+00
3.505472838878631592e-01
-1.686597466468811035e+00
1.742154479026794434e+00
1.192152023315429688e+00
-8.957954645156860352e-01
-2.161940336227416992e+00
4.105632901191711426e-01
-1.898648381233215332e+00
7.140057682991027832e-01
8.456607908010482788e-02
-2.866407036781311035e-01
1.025520563125610352e+00
1.120300531387329102e+00
-3.476701080799102783e-01
-3.519189834594726562e+00
-1.483561396598815918e+00
-7.085761427879333496e-01
7.915658354759216309e-01
1.344702482223510742e+00
-1.976441591978073120e-02
-1.146632432937622070e+00
-8.579616248607635498e-02
-2.283646583557128906e+00
-6.249300241470336914e-01
2.047308981418609619e-01
1.195201873779296875e+00
1.093914747238159180e+00
-2.117022722959518433e-01
1.586942225694656372e-01
1.660026550292968750e+00
2.275027990341186523e+00
1.189455628395080566e+00
-7.335596680641174316e-01
-3.315497636795043945e-01
-1.496136188507080078e+00
6.621727943420410156e-01
8.453516364097595215e-01
2.079363822937011719e+00
-1.479836344718933105e+00
4.740437567234039307e-01
-5.475273132324218750e-01
-1.282548785209655762e+00
1.219514131546020508e+00
2.160640954971313477e-01
-3.731158673763275146e-01
3.840622007846832275e-01
5.103952884674072266e-01
2.441683053970336914e+00
-6.490883231163024902e-01
1.454077363014221191e+00
3.035151660442352295e-01
-2.022611856460571289e+00
1.749937832355499268e-01
-1.675272881984710693e-01
4.868288040161132812e-01
1.628250122070312500e+00
-2.437653392553329468e-01
-2.576030790805816650e-03
-6.783702969551086426e-01
-2.586836218833923340e-01
-6.466624140739440918e-01
3.207702040672302246e-01
-2.753744125366210938e+00
-2.276551723480224609e+00
-9.430893659591674805e-01
-1.387269854545593262e+00
-6.563300490379333496e-01
1.873084425926208496e+00
-6.160275936126708984e-01
5.137014985084533691e-01
4.560055434703826904e-01
-8.912814408540725708e-02
8.444209098815917969e-01
9.387385100126266479e-02
-2.205907106399536133e+00
4.282331168651580811e-01
1.407086610794067383e+00
5.338612198829650879e-01
1.576764106750488281e+00
9.614545106887817383e-01
9.891283512115478516e-01
-1.084062904119491577e-01
1.765116810798645020e+00
3.529708683490753174e-01
-4.955036342144012451e-01
-3.700753301382064819e-02
-1.131361722946166992e+00
1.974310874938964844e+00
4.813342988491058350e-01
-9.939211606979370117e-01
-2.160729765892028809e-01
1.050519585609436035e+00
1.189098238945007324e+00
1.868654191493988037e-01
4.082221686840057373e-01
-1.333227992057800293e+00
-1.111770510673522949e+00
1.916681766510009766e+00
-1.263196617364883423e-01
5.716714859008789062e-01
2.983869016170501709e-01
-3.284564733505249023e+00
-4.593021273612976074e-01
-1.106743216514587402e+00
-1.923273444175720215e+00
-4.977450966835021973e-01
-2.011136054992675781e+00
-3.893424272537231445e-01
-1.319146037101745605e+00
2.108470916748046875e+00
-8.704437017440795898e-01
