-8.957704305648803711e-01
-1.111844778060913086e+00
4.473145306110382080e-01
-8.104122281074523926e-01
-1.858439207077026367e+00
-1.278097391128540039e+00
-2.593011856079101562e-01
-6.451742649078369141e-01
1.020795702934265137e+00
-2.672862529754638672e+00
-1.434898972511291504e-01
-3.809407651424407959e-01
-1.012418270111083984e+00
-9.099298119544982910e-01
9.039357304573059082e-01
1.845886856317520142e-01
2.632757425308227539e-01
1.248679280281066895e+00
1.974334597587585449e+00
2.630961894989013672e+00
-1.807815551757812500e+00
8.194444179534912109e-01
-1.125812649726867676e+00
-2.035635709762573242e-02
-2.588128566741943359e+00
7.682245373725891113e-01
1.025782078504562378e-01
-8.937771618366241455e-02
2.053039073944091797e-01
5.786065459251403809e-01
-1.075925588607788086e+00
-1.538580298423767090e+00
-1.947338938713073730e+00
-1.233172297477722168e+00
4.879629909992218018e-01
1.556526303291320801e+00
-1.275757670402526855e+00
-9.783097505569458008e-01
-1.342152595520019531e+00
-1.072713851928710938e+00
3.260130286216735840e-01
1.165998220443725586e+00
1.401205658912658691e+00
8.703209161758422852e-01
2.115243226289749146e-01
6.027947664260864258e-01
-2.374363690614700317e-02
9.753522276878356934e-01
1.106262207031250000e+00
-5.426830053329467773e-01
1.111741662025451660e-01
-2.712680697441101074e-01
-3.963530659675598145e-01
7.916694879531860352e-01
6.026169657707214355e-02
1.931449294090270996e+00
1.538717031478881836e+00
-1.140413045883178711e+00
-2.160825252532958984e+00
1.213975667953491211e+00
4.980949759483337402e-01
1.228967308998107910e+00
-1.588034510612487793e+00
2.277744054794311523e+00
2.613163888454437256e-01
-4.460391402244567871e-01
5.406648516654968262e-01
4.857579469680786133e-01
-1.520048379898071289e+00
-3.579802811145782471e-01
-6.841382980346679688e-01
2.025373876094818115e-01
3.300747394561767578e+00
6.722383499145507812e-01
-7.722733020782470703e-01
-7.590999603271484375e-01
6.106939911842346191e-01
-4.862420260906219482e-02
5.783993005752563477e-01
-3.071745157241821289e+00
-1.084908246994018555e+00
6.135283708572387695e-01
2.253825187683105469e+00
1.014344215393066406e+00
2.469844102859497070e+00
1.872719883918762207e+00
-2.287724971771240234e+00
1.719241976737976074e+00
-3.751173615455627441e-01
2.392020940780639648e+00
-2.893082797527313232e-01
-2.610374212265014648e+00
1.842444241046905518e-01
8.934453725814819336e-01
-1.330823659896850586e+00
1.443022847175598145e+00
1.623937487602233887e+00
-7.053319811820983887e-01
8.650684952735900879e-01
7.309892773628234863e-01
3.821778595447540283e-01
-1.296737551689147949e+00
-1.828865766525268555e+00
7.557253241539001465e-01
1.961179137229919434e+00
-6.926543712615966797e-01
-1.347115516662597656e+00
-2.355107069015502930e-01
4.238471686840057373e-01
1.041289269924163818e-01
-2.293004035949707031e+00
1.133664131164550781e+00
-6.086773872375488281e-01
7.210443615913391113e-01
-1.220221877098083496e+00
1.220305323600769043e+00
-7.969500422477722168e-01
9.472167491912841797e-02
1.578386902809143066e+00
7.963291406631469727e-01
-9.646469950675964355e-01
1.212106108665466309e+00
1.335756182670593262e-01
-1.942887187004089355e+00
6.509172916412353516e-02
-1.119020223617553711e+00
-1.980831027030944824e-01
-1.985693454742431641e+00
