-1.977607905864715576e-01
6.498777270317077637e-01
-3.478065133094787598e-01
-1.691248714923858643e-01
1.941340923309326172e+00
1.732446908950805664e+00
4.023267626762390137e-01
-5.843373537063598633e-01
-1.083163261413574219e+00
-2.486646652221679688e+00
1.892715096473693848e+00
8.670192956924438477e-01
7.825784385204315186e-02
-2.301312685012817383e-01
-1.461288630962371826e-01
-1.017909884452819824e+00
4.601480960845947266e-01
-1.784288585186004639e-01
-7.373089194297790527e-01
8.307180404663085938e-01
9.167923331260681152e-01
-6.173126697540283203e-01
1.348255872726440430e+00
1.033174753189086914e+00
-3.153583407402038574e-01
1.406749010086059570e+00
-7.272958010435104370e-02
3.956704437732696533e-01
-1.437477588653564453e+00
7.390190362930297852e-01
-2.614720463752746582e-01
-3.160309195518493652e-01
2.422882020473480225e-01
4.138709008693695068e-01
-1.359510660171508789e+00
1.142905354499816895e+00
9.377840757369995117e-01
-3.387877464294433594e+00
-1.147458672523498535e+00
1.099340319633483887e+00
1.110489368438720703e+00
1.133751273155212402e+00
1.263043880462646484e+00
1.893512606620788574e+00
4.257251024246215820e-01
-1.761602401733398438e+00
-5.199398398399353027e-01
-7.542316615581512451e-02
-6.680160760879516602e-02
-2.063392400741577148e+00
-1.134853601455688477e+00
-1.095338344573974609e+00
1.217589974403381348e+00
-9.432297945022583008e-01
-2.300221920013427734e-01
-1.131796121597290039e+00
-2.402556836605072021e-01
4.280208349227905273e-01
5.375968217849731445e-01
-2.443663775920867920e-01
9.738168716430664062e-01
-2.570117413997650146e-01
1.569967746734619141e+00
8.159074187278747559e-01
-1.761108338832855225e-01
-2.877292394638061523e+00
1.558999061584472656e+00
1.637367010116577148e-01
8.583456873893737793e-01
1.321189522743225098e+00
4.028081893920898438e-01
1.054665148258209229e-01
-5.614449977874755859e-01
1.771497488021850586e+00
-2.591916918754577637e-01
-2.749531269073486328e+00
-6.684412956237792969e-01
-4.360062181949615479e-01
7.026822566986083984e-01
-4.854745566844940186e-01
1.277645230293273926e-01
6.595956087112426758e-01
1.140161752700805664e-01
-9.138242602348327637e-01
-5.397239923477172852e-01
7.560929656028747559e-02
-1.124648928642272949e+00
-2.426158428192138672e+00
4.282446503639221191e-01
-1.655975580215454102e+00
-1.418055176734924316e+00
-3.277371883392333984e+00
1.972879886627197266e+00
-1.154222249984741211e+00
-8.308240175247192383e-01
3.558617532253265381e-01
2.260247021913528442e-01
1.553588211536407471e-01
-5.758149027824401855e-01
-1.592580199241638184e+00
5.811550021171569824e-01
2.907052934169769287e-01
6.289107203483581543e-01
4.519226551055908203e-01
2.524700164794921875e+00
6.880200505256652832e-01
-9.443736076354980469e-01
3.561947345733642578e-01
1.970475196838378906e+00
-4.936292767524719238e-01
-1.065086603164672852e+00
-1.363571286201477051e-01
2.148352563381195068e-01
1.348517537117004395e+00
1.428639411926269531e+00
-1.150068402290344238e+00
1.555878400802612305e+00
1.271080732345581055e+00
6.713880896568298340e-01
-5.157191753387451172e-01
-9.016973376274108887e-01
1.131892561912536621e+00
6.737564802169799805e-01
-2.073850154876708984e+00
-1.068304181098937988e+00
-1.393917441368103027e+00
3.853155970573425293e-01
3.999456763267517090e-01
