1.904220581054687500e-01
-4.054359197616577148e-01
2.806670963764190674e-01
-3.176868438720703125e+00
-1.370937824249267578e-01
-1.159237250685691833e-01
-1.350965261459350586e+00
7.180229425430297852e-01
9.119626134634017944e-03
-2.774071991443634033e-01
6.864376366138458252e-03
-1.521042108535766602e+00
-1.318027526140213013e-01
1.021956443786621094e+00
-1.024843454360961914e+00
2.725775241851806641e+00
-5.667166709899902344e-01
-5.754575729370117188e-01
1.431670784950256348e-01
9.298644661903381348e-01
5.844216942787170410e-01
-3.792405426502227783e-01
6.290888786315917969e-01
1.490436315536499023e+00
-1.240086555480957031e-01
-1.027014255523681641e+00
-1.711269736289978027e+00
-6.193589568138122559e-01
-6.762591004371643066e-01
1.147268533706665039e+00
-1.126057147979736328e+00
-3.701995849609375000e+00
-1.086057722568511963e-01
-6.338299512863159180e-01
3.734568059444427490e-01
-8.292388916015625000e-01
-1.280537605285644531e+00
5.544831156730651855e-01
1.039469763636589050e-01
4.212714135646820068e-01
1.656863093376159668e+00
4.970712959766387939e-02
1.822616100311279297e+00
6.097394227981567383e-01
2.938243746757507324e-01
-2.221087455749511719e+00
9.263656139373779297e-01
2.220546245574951172e+00
3.436352252960205078e+00
9.486930370330810547e-01
2.370743155479431152e-01
-1.507854938507080078e+00
9.846540093421936035e-01
5.748659372329711914e-01
1.862184286117553711e+00
-1.344553679227828979e-01
6.723812818527221680e-01
6.085585355758666992e-01
1.302020311355590820e+00
1.244298934936523438e+00
8.539916872978210449e-01
-7.620109915733337402e-01
6.403475999832153320e-01
1.303462982177734375e+00
5.568319559097290039e-02
-3.873677849769592285e-01
6.249920129776000977e-01
-2.533260583877563477e-01
-1.901016086339950562e-01
1.076436519622802734e+00
6.696301698684692383e-01
-9.075038433074951172e-01
2.106218039989471436e-01
-5.849644541740417480e-01
-2.129902601242065430e+00
-3.000873625278472900e-01
-4.054717421531677246e-01
-1.642442047595977783e-01
-6.958285570144653320e-01
-3.446752548217773438e+00
-1.287647038698196411e-01
-1.130241990089416504e+00
-7.407633662223815918e-01
-2.569683790206909180e-01
1.323948502540588379e+00
1.084306597709655762e+00
-6.495594382286071777e-01
1.415373086929321289e+00
-1.327337503433227539e+00
5.108466148376464844e-01
1.762465536594390869e-01
-8.039953708648681641e-01
-1.687087774276733398e+00
6.370606422424316406e-01
1.838472366333007812e+00
-1.315709233283996582e+00
1.869665384292602539e+00
1.271704584360122681e-01
-7.892061471939086914e-01
2.722980678081512451e-01
2.776733160018920898e+00
2.031958341598510742e+00
6.627734303474426270e-01
-3.802226185798645020e-01
-6.220802664756774902e-01
5.215956568717956543e-01
-8.491641879081726074e-01
-5.962246060371398926e-01
-4.549305140972137451e-01
-3.107962131500244141e+00
1.506505131721496582e+00
-7.024188041687011719e-01
-1.264864921569824219e+00
-3.925966322422027588e-01
2.589576244354248047e+00
-5.607261657714843750e-01
-3.162665367126464844e-01
-3.129480481147766113e-01
-4.051460623741149902e-01
-4.760780334472656250e-01
1.887630224227905273e+00
-1.586922258138656616e-02
-7.874434590339660645e-01
-7.981073260307312012e-01
-3.351962566375732422e-02
-1.053912401199340820e+00
-2.252330780029296875e-01
-1.847461223602294922e+00
