-2.648136913776397705e-01
1.093972206115722656e+00
-2.837005853652954102e-01
-1.272855997085571289e-01
1.403273940086364746e+00
4.694206118583679199e-01
2.842607349157333374e-02
-1.200678944587707520e-01
7.723029255867004395e-01
-8.439455032348632812e-01
-5.386666953563690186e-02
-6.402040719985961914e-01
6.204935908317565918e-02
-2.451478004455566406e+00
1.809102296829223633e+00
-6.436562538146972656e-01
6.304254531860351562e-01
-1.860582828521728516e-02
-6.550797820091247559e-01
7.529947161674499512e-01
1.812294721603393555e-01
-5.222955346107482910e-02
1.546450406312942505e-01
8.345769047737121582e-01
-7.725238204002380371e-01
-1.305788159370422363e+00
3.830662965774536133e-01
-7.834423780441284180e-01
-1.269955337047576904e-01
1.856221318244934082e+00
-1.183601617813110352e+00
2.718662321567535400e-01
-9.990511536598205566e-01
-6.675616502761840820e-01
2.151162028312683105e-01
-5.235539674758911133e-01
8.253424167633056641e-01
-2.877773940563201904e-01
-2.538702964782714844e+00
-2.652585744857788086e+00
5.200724005699157715e-01
-1.973129659891128540e-01
2.707119941711425781e+00
1.736989498138427734e+00
-8.618066459894180298e-02
-1.181445002555847168e+00
6.919246315956115723e-01
2.835723161697387695e+00
-5.435920953750610352e-01
1.827399432659149170e-01
2.501647233963012695e+00
-1.169028759002685547e+00
-1.907892376184463501e-01
-1.469201683998107910e+00
-3.346115350723266602e-01
-4.970552325248718262e-01
5.651057958602905273e-01
7.068361043930053711e-01
3.103099763393402100e-02
1.180066108703613281e+00
-4.534969031810760498e-01
1.028591156005859375e+00
6.465839147567749023e-01
2.283320903778076172e+00
1.210163354873657227e+00
-2.327688410878181458e-02
1.103605508804321289e+00
-6.657388210296630859e-01
-1.993497908115386963e-01
-1.080940142273902893e-01
-1.460233777761459351e-01
2.314689636230468750e+00
1.982614874839782715e+00
-1.279710769653320312e+00
-1.606158971786499023e+00
-1.754270672798156738e+00
-6.311882734298706055e-01
-1.195469498634338379e+00
-3.523367941379547119e-01
-2.616081237792968750e+00
-1.979560852050781250e+00
-1.358904838562011719e+00
-7.046279311180114746e-01
-7.297487854957580566e-01
1.257606267929077148e+00
-3.627362251281738281e-01
-6.691784262657165527e-01
7.559329867362976074e-01
-1.543019056320190430e+00
6.202834844589233398e-01
1.416523337364196777e+00
-2.715045452117919922e+00
2.560351192951202393e-01
9.338575601577758789e-02
9.557698369026184082e-01
-3.084431588649749756e-01
4.120361328125000000e+00
4.943645596504211426e-01
-6.354779601097106934e-01
1.511498838663101196e-01
-6.789179444313049316e-01
9.693311452865600586e-01
8.892335742712020874e-02
-1.643994152545928955e-01
1.768068552017211914e+00
4.293934255838394165e-02
-4.492394924163818359e-01
7.430758476257324219e-01
-3.498750925064086914e-02
8.678376674652099609e-01
-4.060797989368438721e-01
-4.063665866851806641e-01
-3.440021872520446777e-01
-3.502863407135009766e+00
-6.029955148696899414e-01
-4.587742090225219727e-01
-4.895108342170715332e-01
8.386210203170776367e-01
9.650515913963317871e-01
9.446033835411071777e-02
-2.002123117446899414e+00
-8.638678789138793945e-01
3.528470993041992188e-01
-1.204425811767578125e+00
1.597563028335571289e-01
-3.400067687034606934e-01
3.163988292217254639e-01
6.341587901115417480e-01
