1.769227147102355957e+00
-3.317347466945648193e-01
1.256129145622253418e-01
3.981007337570190430e-01
-1.700335741043090820e-02
-1.191747665405273438e+00
3.091946840286254883e-01
-4.536744654178619385e-01
-3.277009963989257812e+00
1.527747631072998047e+00
-5.457081794738769531e-01
-3.591864109039306641e+00
-8.582357764244079590e-01
-6.502683162689208984e-01
2.393234252929687500e+00
7.911082506179809570e-01
-2.442748248577117920e-01
1.689088821411132812e+00
-1.945491790771484375e+00
2.163257002830505371e-01
1.243966102600097656e+00
-1.068097829818725586e+00
2.553755044937133789e-01
4.158617854118347168e-01
1.887957006692886353e-01
-1.032104134559631348e+00
2.988568782806396484e+00
-1.362590312957763672e+00
9.308148026466369629e-01
1.279998123645782471e-01
4.001691341400146484e-01
-9.969737529754638672e-01
1.608724892139434814e-01
2.425952702760696411e-01
1.413509011268615723e+00
1.016813993453979492e+00
-6.884227991104125977e-01
9.174991846084594727e-01
1.370457530021667480e+00
3.078971803188323975e-01
2.307006835937500000e+00
1.060158252716064453e+00
1.391788959503173828e+00
8.191556930541992188e-01
6.974600553512573242e-01
-6.799261569976806641e-01
1.424606442451477051e+00
5.362446606159210205e-02
-4.627195000648498535e-01
1.298178195953369141e+00
-1.267459034919738770e+00
-2.463947057723999023e+00
-9.825759530067443848e-01
1.667291074991226196e-01
1.892442226409912109e+00
3.253105878829956055e-01
-2.473150253295898438e+00
1.347255110740661621e+00
2.094406127929687500e+00
1.880690574645996094e+00
-7.824723720550537109e-01
2.497107833623886108e-01
2.636390030384063721e-01
3.402244150638580322e-01
1.167589128017425537e-01
-2.817134559154510498e-01
6.350092291831970215e-01
1.356620907783508301e+00
-7.726980447769165039e-01
-1.214343428611755371e+00
-5.772630572319030762e-01
-5.212964117527008057e-02
1.261549592018127441e+00
1.194141387939453125e+00
2.788504362106323242e-01
-2.264476060867309570e+00
-2.261034727096557617e+00
-2.303245067596435547e-01
-4.736147522926330566e-01
-6.841138005256652832e-01
1.518944203853607178e-01
1.786025404930114746e+00
-5.944058299064636230e-01
7.098154425621032715e-01
-1.086601972579956055e+00
1.989847421646118164e-02
-7.983882427215576172e-01
-2.189112663269042969e+00
-9.312983751296997070e-01
3.139252662658691406e-01
-1.930444240570068359e+00
7.647518813610076904e-02
-1.646657824516296387e+00
5.980657339096069336e-01
-7.873656749725341797e-01
7.965182662010192871e-01
1.053954005241394043e+00
-6.935270428657531738e-01
-1.406114578247070312e+00
1.959234595298767090e+00
-7.776179313659667969e-01
-1.064598917961120605e+00
1.884670376777648926e+00
-9.609148502349853516e-01
-4.641582667827606201e-01
9.327301383018493652e-01
-7.592912912368774414e-01
1.525573730468750000e+00
-4.814987778663635254e-01
-4.038622975349426270e-01
-7.162475585937500000e-01
-1.455502867698669434e+00
-1.714178323745727539e+00
1.187485814094543457e+00
-4.086815118789672852e-01
-8.182271718978881836e-01
1.888791561126708984e+00
-7.582851648330688477e-01
2.478184551000595093e-02
-6.205536127090454102e-01
-5.886197090148925781e-01
-8.515898585319519043e-01
5.106517076492309570e-01
-9.612842798233032227e-01
-6.906825304031372070e-01
-1.521799921989440918e+00
-2.346763610839843750e-01
2.000426054000854492e+00
