-1.414941549301147461e-01
-1.009680509567260742e+00
-5.175745487213134766e-01
1.087270975112915039e+00
2.904135227203369141e+00
1.610013127326965332e+00
-2.874154150485992432e-01
2.548160552978515625e-01
-1.612817525863647461e+00
4.228422641754150391e-01
2.079615116119384766e+00
2.454036474227905273e+00
1.895854592323303223e+00
-2.177581071853637695e+00
-1.091512814164161682e-01
-1.727183312177658081e-01
2.509069442749023438e+00
-3.167419731616973877e-01
-7.801883220672607422e-01
-1.471391081809997559e+00
1.717003434896469116e-01
-4.031022787094116211e-01
-8.064225316047668457e-03
1.360110759735107422e+00
-7.467128634452819824e-01
8.872776627540588379e-01
-7.460638880729675293e-01
-7.857841253280639648e-01
8.209118247032165527e-01
-1.214317083358764648e+00
-5.181962251663208008e-01
5.794038772583007812e-01
-6.444543600082397461e-01
-6.737291812896728516e-01
1.085120886564254761e-01
6.587368249893188477e-02
7.389264106750488281e-01
1.332317829132080078e+00
-9.421531856060028076e-02
1.071339249610900879e+00
1.804722666740417480e+00
7.639125585556030273e-01
8.856070041656494141e-01
-6.456382870674133301e-01
-6.330344676971435547e-01
3.120848536491394043e-02
2.208098471164703369e-01
2.294637262821197510e-02
1.508043557405471802e-01
-1.643284201622009277e+00
8.952354788780212402e-01
-8.947041630744934082e-01
-5.253582000732421875e-01
-5.064999461174011230e-01
-7.419242858886718750e-01
-1.025292426347732544e-01
6.412984430789947510e-02
1.900944113731384277e+00
8.946887254714965820e-01
1.694094181060791016e+00
1.794925630092620850e-01
-6.236477494239807129e-01
-4.034015238285064697e-01
1.370839595794677734e+00
-2.422295808792114258e+00
-2.427042245864868164e+00
2.568397760391235352e+00
9.600974917411804199e-01
-1.328594803810119629e+00
1.515094161033630371e+00
1.206813812255859375e+00
-8.359203338623046875e-01
-2.876773476600646973e-02
-6.690605878829956055e-01
-7.245267033576965332e-01
5.972127914428710938e-01
-8.328841626644134521e-02
1.841167956590652466e-01
4.332455396652221680e-01
-1.376484036445617676e+00
-1.385087251663208008e+00
-5.164589881896972656e-01
2.885156154632568359e+00
-1.147670030593872070e+00
2.411319017410278320e+00
-1.158997535705566406e+00
-1.550844550132751465e+00
-3.740964233875274658e-01
6.860940456390380859e-01
2.617324292659759521e-01
1.084188461303710938e+00
-1.139039158821105957e+00
-1.322030782699584961e+00
-1.873974800109863281e-01
-6.129179000854492188e-01
1.758205592632293701e-01
-4.356667101383209229e-01
1.494979381561279297e+00
2.330725342035293579e-01
-1.067511558532714844e+00
-8.628510832786560059e-01
5.505181550979614258e-01
-4.105683863162994385e-01
1.889792919158935547e+00
-1.909519195556640625e+00
-1.541514277458190918e+00
-2.031835794448852539e+00
-3.061265468597412109e+00
1.508111715316772461e+00
-2.840967178344726562e+00
2.452076971530914307e-01
1.407408267259597778e-01
-4.666758179664611816e-01
2.642698287963867188e+00
-1.080283999443054199e+00
-1.237940669059753418e+00
-6.966177225112915039e-01
-8.048075437545776367e-01
-1.796270132064819336e+00
-4.885073751211166382e-03
1.010135293006896973e+00
-1.194680482149124146e-01
1.225944876670837402e+00
8.467751741409301758e-01
-4.126052856445312500e-01
1.282733798027038574e+00
1.458212375640869141e+00
-3.191642999649047852e+00
