2.612087130546569824e-01
-5.964161753654479980e-01
6.605746150016784668e-01
5.759707689285278320e-01
1.042521357536315918e+00
-2.305074691772460938e+00
-1.070187091827392578e+00
1.158864259719848633e+00
-1.973342061042785645e+00
1.016421020030975342e-01
-2.490124940872192383e+00
2.846267223358154297e+00
1.243605017662048340e+00
-2.645412921905517578e+00
8.954712152481079102e-01
2.941289186477661133e+00
-6.569859981536865234e-01
1.116781473159790039e+00
9.540377855300903320e-01
-1.387089371681213379e+00
2.548955678939819336e-01
1.469387650489807129e+00
-1.236344575881958008e+00
1.011424541473388672e+00
-2.315135240554809570e+00
1.315693855285644531e+00
-1.259052038192749023e+00
-4.882164895534515381e-01
3.645696640014648438e-01
7.729943990707397461e-01
-9.461218714714050293e-01
-2.765740752220153809e-01
-3.775929212570190430e-01
-1.055850148200988770e+00
1.254782915115356445e+00
-2.309888303279876709e-01
-1.812155961990356445e+00
-2.918173372745513916e-01
7.070950269699096680e-01
-2.022901624441146851e-01
1.568418145179748535e+00
-1.907969266176223755e-02
1.144602537155151367e+00
1.920383930206298828e+00
-1.587184906005859375e+00
3.790127933025360107e-01
-1.352423429489135742e+00
2.990683019161224365e-01
-3.138401508331298828e-01
-1.347335278987884521e-01
1.365342140197753906e+00
3.701201826333999634e-02
4.369499385356903076e-01
1.218479752540588379e+00
5.035908222198486328e-01
8.476080894470214844e-01
1.557057023048400879e+00
1.755940079689025879e+00
-8.924349546432495117e-01
1.346526443958282471e-01
8.668229728937149048e-02
-2.027365446090698242e+00
-8.572106361389160156e-01
-1.950173377990722656e+00
9.167010784149169922e-01
-1.410543799400329590e+00
1.023827075958251953e+00
1.951861619949340820e+00
6.632727384567260742e-01
8.290172219276428223e-01
-2.717673778533935547e+00
-1.045327335596084595e-01
6.033524274826049805e-01
5.935314893722534180e-01
-2.161275446414947510e-01
2.109102904796600342e-02
-2.052679359912872314e-01
-2.664901614189147949e-01
2.268244624137878418e-01
-2.233252763748168945e+00
6.137611865997314453e-01
-3.204756379127502441e-01
2.590783596038818359e+00
-5.173239707946777344e-01
1.867189764976501465e+00
-1.134315058588981628e-01
3.903655707836151123e-02
-8.580238223075866699e-01
-6.617131829261779785e-01
-3.071712255477905273e-01
-4.230170249938964844e-01
-2.977843284606933594e-01
1.224650859832763672e+00
1.352672576904296875e+00
-1.324468851089477539e+00
-1.625458240509033203e+00
9.004551172256469727e-01
-1.601122498512268066e+00
1.836401104927062988e+00
-2.387744426727294922e+00
7.735521793365478516e-01
3.148549795150756836e-01
3.865436464548110962e-02
2.691292166709899902e-01
-1.815847158432006836e+00
1.318100452423095703e+00
-1.637812137603759766e+00
-2.647856712341308594e+00
-4.123138189315795898e-01
-3.297227382659912109e+00
-5.788588523864746094e-01
4.091599881649017334e-01
1.395150303840637207e+00
-6.515828967094421387e-01
6.275649070739746094e-01
3.659460544586181641e-01
2.030968904495239258e+00
-2.000406384468078613e-02
-8.857209086418151855e-01
1.825971245765686035e+00
8.008517622947692871e-01
-1.898450553417205811e-01
-1.626788496971130371e+00
-2.966536581516265869e-02
-1.428018808364868164e-01
-8.622655272483825684e-01
-5.197107195854187012e-01
-2.340549230575561523e-02
