1.908264517784118652e+00
-4.281232357025146484e-01
-6.187116354703903198e-02
-6.817737221717834473e-02
7.714869976043701172e-01
-1.148101687431335449e+00
5.621101260185241699e-01
-9.690836071968078613e-02
-2.489171028137207031e+00
7.630384564399719238e-01
4.834914803504943848e-01
-1.574369192123413086e+00
4.349590837955474854e-02
2.885824739933013916e-01
3.177581548690795898e+00
-3.677006065845489502e-01
-1.548180699348449707e+00
7.315473556518554688e-01
-1.135521829128265381e-01
9.376110881567001343e-02
1.341526389122009277e+00
2.220391929149627686e-01
2.239883184432983398e+00
1.448907852172851562e-01
-5.876035094261169434e-01
2.486263811588287354e-01
3.344033658504486084e-01
4.230190515518188477e-01
-4.814024269580841064e-01
-1.595725059509277344e+00
-7.431621551513671875e-01
3.605601489543914795e-01
-2.032693147659301758e+00
1.246722221374511719e+00
6.262436509132385254e-01
-5.208420753479003906e-01
-9.735751152038574219e-02
1.340306162834167480e+00
2.990123927593231201e-01
-3.214203119277954102e-01
2.173201560974121094e+00
1.715832591056823730e+00
1.394630789756774902e+00
1.374447345733642578e+00
1.121362090110778809e+00
3.755743205547332764e-01
2.590032339096069336e+00
-7.441897392272949219e-01
2.944521903991699219e-01
1.424554347991943359e+00
-2.635221481323242188e-01
-1.984323978424072266e+00
-1.573035717010498047e+00
-8.477896451950073242e-02
1.451625525951385498e-01
4.938243031501770020e-01
4.316985905170440674e-01
1.941776871681213379e+00
-1.746125459671020508e+00
2.100568413734436035e-01
1.104552984237670898e+00
7.148517668247222900e-02
3.234867155551910400e-01
-1.689545869827270508e+00
1.201525330543518066e+00
-2.610731124877929688e-01
-6.859307885169982910e-01
6.376823782920837402e-02
-1.233626127243041992e+00
4.316854476928710938e-02
3.654735982418060303e-01
-1.761350274085998535e+00
2.938163280487060547e+00
6.964760422706604004e-01
1.427010059356689453e+00
-1.545625805854797363e+00
-9.012653231620788574e-01
-1.943686246871948242e+00
8.935241699218750000e-01
-1.326277971267700195e+00
-2.263341665267944336e+00
8.370313644409179688e-01
-1.009186506271362305e+00
6.425574421882629395e-01
2.334029674530029297e+00
-1.061736345291137695e+00
-1.523197650909423828e+00
-7.562181949615478516e-01
1.132752001285552979e-01
-4.778192937374114990e-01
-7.962376475334167480e-01
-3.347749114036560059e-01
-7.107127308845520020e-01
1.995668411254882812e+00
-2.249066591262817383e+00
2.199991345405578613e-01
-1.437481045722961426e-01
2.521085739135742188e+00
5.781131982803344727e-02
3.819484710693359375e-01
4.265262559056282043e-02
2.603305876255035400e-01
8.939977288246154785e-01
-5.464292168617248535e-01
-1.794826149940490723e+00
-1.315086722373962402e+00
-1.615055203437805176e+00
-5.049402117729187012e-01
-2.126290321350097656e+00
-1.614666461944580078e+00
6.158062815666198730e-02
-1.205894470214843750e+00
1.178256392478942871e+00
-9.347725510597229004e-01
1.982126951217651367e+00
-1.683264136314392090e+00
9.655123949050903320e-01
1.494414806365966797e-01
-1.613355576992034912e-01
-1.025354117155075073e-01
-2.486022233963012695e+00
4.651990234851837158e-01
3.481015563011169434e-01
-2.400184631347656250e+00
-4.739671945571899414e-01
1.495022326707839966e-01
6.833521723747253418e-01
9.559701085090637207e-01
