-7.476469278335571289e-01
1.029410123825073242e+00
-5.515513569116592407e-02
-8.406224846839904785e-01
-1.169108867645263672e+00
9.146757125854492188e-01
-8.876150250434875488e-01
7.183527946472167969e-01
-1.223351120948791504e+00
5.685386061668395996e-02
-9.198657870292663574e-01
-1.463716745376586914e+00
-2.006366968154907227e+00
-1.332428216934204102e+00
8.501509428024291992e-01
-1.864113092422485352e+00
-3.776729106903076172e-01
-1.836130470037460327e-01
9.403367340564727783e-02
3.629776239395141602e-01
-3.032375127077102661e-02
-6.308715343475341797e-01
-1.099109649658203125e-02
1.141572475433349609e+00
-6.373635530471801758e-01
1.992810219526290894e-01
-5.827265381813049316e-01
9.109231829643249512e-01
6.983551383018493652e-01
8.743569850921630859e-01
-4.416022896766662598e-01
2.976839303970336914e+00
6.425372958183288574e-01
1.252032637596130371e+00
-4.356516301631927490e-01
3.736909329891204834e-01
2.679507136344909668e-01
1.885358810424804688e+00
1.741500854492187500e+00
1.677848696708679199e-01
2.228508949279785156e+00
1.585115790367126465e+00
2.429110050201416016e+00
6.416974067687988281e-01
6.052103266119956970e-02
-2.136935234069824219e+00
-7.424507290124893188e-02
-3.244041800498962402e-01
-2.391809076070785522e-01
-7.763378024101257324e-01
-7.411110401153564453e-01
-1.425061970949172974e-01
1.260507404804229736e-01
7.637757062911987305e-01
-3.322619199752807617e-01
2.507110595703125000e+00
1.060297489166259766e+00
3.029373884201049805e-01
-1.022284030914306641e+00
1.530600786209106445e+00
-7.184925675392150879e-02
-1.499253273010253906e+00
-2.544451355934143066e-01
9.594543278217315674e-02
1.839758455753326416e-01
-2.539575815200805664e+00
8.942185044288635254e-01
-4.879699945449829102e-01
1.311210870742797852e+00
4.313842952251434326e-01
3.355796635150909424e-01
2.012171983718872070e+00
5.831748843193054199e-01
6.439522504806518555e-01
4.070548713207244873e-01
-1.391056925058364868e-01
4.673225283622741699e-01
-2.051754951477050781e+00
-1.685202002525329590e+00
-9.889580011367797852e-01
7.736116647720336914e-03
-1.187091708183288574e+00
1.058600902557373047e+00
-2.484873533248901367e-01
5.373328328132629395e-01
-9.606769084930419922e-01
7.223591804504394531e-01
6.773667037487030029e-02
-1.686604022979736328e+00
5.464749038219451904e-02
-1.524431586265563965e+00
-7.397731542587280273e-01
-1.077867269515991211e+00
3.903132677078247070e-01
1.168246507644653320e+00
-1.149792671203613281e+00
-3.834922015666961670e-01
3.405004739761352539e-01
1.639444231986999512e+00
1.014710664749145508e+00
-2.791455745697021484e+00
3.323704600334167480e-01
1.184000447392463684e-01
-2.741632461547851562e-01
-2.932924032211303711e+00
1.103134512901306152e+00
1.225734353065490723e+00
-6.396176218986511230e-01
-3.746355473995208740e-01
-8.025695085525512695e-01
-1.396086454391479492e+00
-4.665597379207611084e-01
-6.916801631450653076e-02
7.822253704071044922e-01
3.971142530441284180e+00
-8.941514790058135986e-02
-3.021771311759948730e-01
-8.591983318328857422e-01
-5.535638332366943359e-01
2.551769733428955078e+00
2.017792016267776489e-01
-7.110418677330017090e-01
-2.391335010528564453e+00
-1.510148882865905762e+00
-8.470121622085571289e-01
3.886977732181549072e-01
-1.097283244132995605e+00
-1.187178850173950195e+00
