-5.736302137374877930e-01
-7.581685185432434082e-01
5.149063467979431152e-02
2.434781044721603394e-01
1.577152252197265625e+00
-7.833182215690612793e-01
6.502699851989746094e-01
3.789005279541015625e-01
-2.363715171813964844e+00
4.232889413833618164e-01
-1.170705333352088928e-01
6.448996067047119141e-01
1.157923936843872070e+00
-1.768760323524475098e+00
-4.561364352703094482e-01
5.627140998840332031e-01
1.978677511215209961e-01
-1.870050579309463501e-01
-2.287560462951660156e+00
3.035146713256835938e+00
9.243717789649963379e-01
-1.487538099288940430e+00
-2.836967408657073975e-01
3.224687576293945312e-01
-3.573187589645385742e-01
3.337515890598297119e-01
1.229662179946899414e+00
-3.913806378841400146e-01
-6.297668218612670898e-01
1.784819483757019043e+00
-8.088860511779785156e-01
6.076465845108032227e-01
-1.303470492362976074e+00
4.056563973426818848e-01
6.453225612640380859e-01
-7.128101587295532227e-01
-1.739389300346374512e+00
-5.288832187652587891e-01
-2.044795513153076172e+00
1.171422243118286133e+00
1.126439571380615234e+00
6.369084119796752930e-01
1.793420553207397461e+00
-1.235638022422790527e+00
-2.400129102170467377e-02
9.022514224052429199e-01
2.719402015209197998e-01
-1.557530760765075684e+00
-6.830824017524719238e-01
-7.757160067558288574e-01
-1.036479830741882324e+00
-4.087865948677062988e-01
-5.432472825050354004e-01
-1.532865047454833984e+00
4.688093066215515137e-01
2.493838548660278320e+00
-6.625375747680664062e-01
1.137168526649475098e+00
3.935717046260833740e-02
-7.697319388389587402e-01
2.768478691577911377e-01
1.919892668724060059e+00
9.589240550994873047e-01
-6.547915339469909668e-01
1.753162860870361328e+00
-2.194890737533569336e+00
-7.632513642311096191e-01
1.192885041236877441e+00
-3.831842541694641113e-01
-2.052389681339263916e-01
1.332349181175231934e+00
-3.440673649311065674e-02
9.031340479850769043e-02
1.135987043380737305e+00
-1.037348270416259766e+00
-3.389733433723449707e-01
1.366815418004989624e-01
-1.336955130100250244e-01
1.841777920722961426e+00
-7.045847773551940918e-01
-1.061360314488410950e-01
2.740922868251800537e-01
2.471922636032104492e-01
-2.070176601409912109e-01
1.077917933464050293e+00
2.854944765567779541e-01
3.407327830791473389e-02
-1.099915727972984314e-01
-1.706859111785888672e+00
3.375332355499267578e-01
1.892938137054443359e+00
-2.406588077545166016e+00
1.368319988250732422e+00
-6.917546391487121582e-01
9.518702328205108643e-02
-5.920372605323791504e-01
-1.957221925258636475e-01
1.986760497093200684e-01
2.104154229164123535e-02
1.418907642364501953e-01
6.012045145034790039e-01
-1.331700205802917480e+00
1.689445376396179199e-01
-3.309792280197143555e-01
-2.005625724792480469e+00
-3.625781536102294922e-01
2.313540935516357422e+00
-7.986758947372436523e-01
1.893221139907836914e+00
1.448402881622314453e+00
3.658394813537597656e-01
7.442614436149597168e-01
1.318067312240600586e-02
5.846571326255798340e-01
-1.106466889381408691e+00
-1.186938524246215820e+00
1.185432910919189453e+00
-1.057245254516601562e+00
-1.160726308822631836e+00
-1.517407596111297607e-01
6.410077214241027832e-01
-1.460876345634460449e+00
8.345108032226562500e-01
-1.201104819774627686e-01
-1.817684292793273926e+00
-4.265449047088623047e-01
-3.630897402763366699e-01
1.718817949295043945e+00
