1.417337536811828613e+00
1.205068230628967285e-01
1.186902403831481934e+00
-5.491119623184204102e-01
2.036082029342651367e+00
-9.735110998153686523e-01
-7.706091403961181641e-01
-1.486839771270751953e+00
-1.327956438064575195e+00
-4.598322808742523193e-01
-3.394653797149658203e-01
1.625910401344299316e+00
-7.769240140914916992e-01
-3.637216687202453613e-01
8.815660327672958374e-02
1.610225588083267212e-01
-2.170319557189941406e+00
1.320104002952575684e-01
5.216182470321655273e-01
-4.146818220615386963e-01
-7.971975952386856079e-02
6.210436820983886719e-01
1.224199533462524414e+00
1.147699832916259766e+00
7.356778979301452637e-01
-4.911087453365325928e-01
8.053842782974243164e-01
-1.562095761299133301e+00
-1.278445482254028320e+00
1.058228373527526855e+00
4.394432306289672852e-01
-1.165105581283569336e+00
7.203201055526733398e-01
-1.850682377815246582e+00
7.971043884754180908e-02
-9.938259124755859375e-01
9.130657911300659180e-01
-4.213347733020782471e-01
-1.202790379524230957e+00
-7.369803786277770996e-01
-1.324918389320373535e+00
-1.340009450912475586e+00
2.026765584945678711e+00
3.328512907028198242e+00
-8.911331295967102051e-01
-2.015735208988189697e-01
-1.410660147666931152e-02
-1.036841124296188354e-01
-7.822675108909606934e-01
6.916123628616333008e-01
-9.015856981277465820e-01
-2.040486335754394531e+00
1.641888499259948730e+00
1.219623327255249023e+00
-4.337000846862792969e-01
-2.704002857208251953e-01
-5.928027629852294922e-01
2.228035330772399902e-01
1.217636823654174805e+00
1.284503459930419922e+00
1.431846022605895996e-01
-9.324011951684951782e-02
4.668480157852172852e-02
1.092592716217041016e+00
7.756946086883544922e-01
8.202165365219116211e-02
-3.420502543449401855e-01
-2.059443295001983643e-01
6.827792525291442871e-01
-1.775014996528625488e+00
3.622415065765380859e-01
1.300121545791625977e+00
-9.271407723426818848e-01
7.702538371086120605e-01
1.542473554611206055e+00
1.491423487663269043e+00
5.717167854309082031e-01
-5.270621776580810547e-01
-2.288752347230911255e-01
-4.926758408546447754e-01
8.243302702903747559e-01
-1.125638961791992188e+00
1.490975499153137207e+00
-1.002244472503662109e+00
1.788682579994201660e+00
-1.868799090385437012e+00
-5.389966964721679688e-01
1.021765470504760742e+00
-1.320723176002502441e+00
-3.058672666549682617e+00
1.351772189140319824e+00
-1.245660424232482910e+00
-1.739624619483947754e+00
1.068507432937622070e+00
6.011772155761718750e-02
-1.170290470123291016e+00
6.937837600708007812e-01
1.448660612106323242e+00
1.485656857490539551e+00
-1.591251969337463379e+00
6.138910055160522461e-01
1.578715920448303223e+00
-2.261323690414428711e+00
4.161515831947326660e-01
7.392191290855407715e-01
8.002378940582275391e-01
-7.575221359729766846e-02
-1.828181743621826172e-01
3.499374091625213623e-01
-1.296763420104980469e+00
4.052903056144714355e-01
-7.651462554931640625e-01
6.168315410614013672e-01
1.757210046052932739e-01
3.140975475311279297e+00
-1.786269783973693848e+00
-1.072507500648498535e-01
-8.071972131729125977e-01
-3.908424377441406250e-01
-8.085709214210510254e-01
8.784369826316833496e-01
1.965758323669433594e+00
-5.106887817382812500e-01
-1.503305196762084961e+00
-1.106350779533386230e+00
4.414425194263458252e-01
-1.722964882850646973e+00
-2.350669801235198975e-01
