2.115296363830566406e+00
4.554103016853332520e-01
5.868576765060424805e-01
1.931547522544860840e-01
1.037470340728759766e+00
-3.178436994552612305e+00
6.535952538251876831e-02
1.850168406963348389e-02
-1.394903898239135742e+00
9.188578724861145020e-01
-7.454877495765686035e-01
-1.097086668014526367e+00
-1.334711551666259766e+00
-1.170189261436462402e+00
2.377721369266510010e-01
1.333912253379821777e+00
5.072991847991943359e-01
3.629104197025299072e-01
-1.057451367378234863e+00
7.460396736860275269e-04
1.161793112754821777e+00
2.021924257278442383e-01
-1.882876157760620117e-01
-1.240791082382202148e+00
-6.095135211944580078e-01
-7.608394622802734375e-01
-1.702317714691162109e+00
1.094407081604003906e+00
2.613842964172363281e+00
8.581413030624389648e-01
-2.147687196731567383e+00
-2.244901418685913086e+00
-8.750533461570739746e-01
9.300422668457031250e-01
7.604231834411621094e-01
1.878059983253479004e+00
-4.623731672763824463e-01
-1.924417167901992798e-02
-5.368385910987854004e-01
-9.175785779953002930e-01
2.933705091476440430e+00
-5.765352249145507812e-01
1.044780135154724121e+00
5.975484251976013184e-01
-1.033280372619628906e+00
-1.564950704574584961e+00
7.588750720024108887e-01
9.280956983566284180e-01
-1.974604487419128418e+00
4.237192869186401367e-01
1.790428161621093750e-02
-4.678611755371093750e-01
-4.151570200920104980e-01
1.120221614837646484e+00
-4.477719664573669434e-01
-2.004161924123764038e-01
-4.024333655834197998e-01
-5.374108552932739258e-01
-1.279365301132202148e+00
1.331055402755737305e+00
-4.564093947410583496e-01
-7.405932247638702393e-02
7.276469469070434570e-01
5.221371650695800781e-01
2.329089641571044922e-01
-5.188408493995666504e-01
1.752630233764648438e+00
-9.688067436218261719e-01
1.328646779060363770e+00
4.682094752788543701e-01
-8.330093622207641602e-01
1.006130456924438477e+00
1.078586697578430176e+00
1.591834425926208496e-01
-2.332526147365570068e-01
-6.945812106132507324e-01
-4.745458364486694336e-01
-1.249222278594970703e+00
-1.165347099304199219e+00
-3.489213466644287109e+00
9.079704880714416504e-01
-9.738302230834960938e-01
2.634894371032714844e+00
-7.480418682098388672e-01
2.100056409835815430e+00
2.588848769664764404e-01
4.500144720077514648e-01
-4.154098629951477051e-01
-2.128616571426391602e-01
5.123742818832397461e-01
-1.316336274147033691e+00
3.311942219734191895e-01
-4.215929284691810608e-02
7.718097567558288574e-01
-1.912556648254394531e+00
5.293800234794616699e-01
1.361864924430847168e+00
1.161284685134887695e+00
1.593622803688049316e+00
1.236184239387512207e+00
1.214338064193725586e+00
9.231365919113159180e-01
-1.062261819839477539e+00
1.586846113204956055e+00
6.594604849815368652e-01
7.189686894416809082e-01
-3.728569746017456055e-01
-3.099621057510375977e+00
5.036767125129699707e-01
-2.590079784393310547e+00
-3.758535683155059814e-01
-7.000922560691833496e-01
7.879993915557861328e-01
-9.521424174308776855e-01
-6.196163296699523926e-01
-2.150059223175048828e+00
1.918227672576904297e+00
-1.403403997421264648e+00
-1.498160362243652344e+00
2.595955133438110352e+00
-4.941110014915466309e-01
6.376124620437622070e-01
-9.041019082069396973e-01
7.625959515571594238e-01
-8.000229597091674805e-01
-6.650485843420028687e-02
1.878151148557662964e-01
2.315571546554565430e+00
