8.617968559265136719e-01
-1.136906623840332031e+00
4.487579762935638428e-01
9.291585683822631836e-01
3.528653681278228760e-01
-1.452559530735015869e-01
1.946405172348022461e+00
3.995451331138610840e-01
-2.707582950592041016e+00
3.128631114959716797e-01
-3.709903359413146973e-01
-2.190207481384277344e+00
-1.804986000061035156e+00
-3.131034374237060547e+00
1.369979262351989746e+00
1.774687409400939941e+00
-2.312881350517272949e-01
4.430156946182250977e-02
-6.718209981918334961e-01
-3.948918282985687256e-01
5.274417996406555176e-01
6.566947698593139648e-02
-1.197045564651489258e+00
2.254950046539306641e+00
-1.192716836929321289e+00
6.000209450721740723e-01
3.276075124740600586e+00
-1.812008619308471680e+00
-2.342198640108108521e-01
3.285887241363525391e-01
5.354405045509338379e-01
-1.619147896766662598e+00
-1.109129905700683594e+00
-5.703626871109008789e-01
-1.405319809913635254e+00
4.289974272251129150e-01
-7.486252784729003906e-01
8.954707384109497070e-01
1.082080483436584473e+00
-1.014863103628158569e-01
2.318402051925659180e+00
3.807385265827178955e-01
7.122594118118286133e-01
-2.685948461294174194e-02
7.673860192298889160e-01
-1.433600485324859619e-02
8.924992084503173828e-01
1.861538171768188477e+00
4.147441685199737549e-02
-2.416678667068481445e-01
4.935261011123657227e-01
7.058333754539489746e-01
8.178316056728363037e-03
-5.575869679450988770e-01
9.104901552200317383e-01
2.182554483413696289e+00
-5.713881254196166992e-01
-1.055592060089111328e+00
6.974375247955322266e-01
1.053680926561355591e-01
2.977620661258697510e-01
-3.212957084178924561e-02
1.752119064331054688e+00
2.287428617477416992e+00
-1.518994092941284180e+00
-2.174044132232666016e+00
1.338812828063964844e+00
3.671167194843292236e-01
-1.178547263145446777e+00
1.701185107231140137e-02
2.662172913551330566e-01
-3.614016175270080566e-01
-1.420292407274246216e-01
9.694338440895080566e-01
1.227786064147949219e+00
-1.038798093795776367e+00
-8.652077317237854004e-01
7.421250343322753906e-01
-6.533249616622924805e-01
1.989763379096984863e-01
-1.589428901672363281e+00
1.968204855918884277e+00
-1.101717710494995117e+00
-3.968592584133148193e-01
1.933006763458251953e+00
1.972011625766754150e-01
-7.306233644485473633e-01
-7.151091843843460083e-02
-1.419329345226287842e-01
-7.109403610229492188e-01
2.665677964687347412e-01
-2.097571134567260742e+00
-8.983879089355468750e-01
2.752556204795837402e-01
1.530479907989501953e+00
-1.073433041572570801e+00
1.453056097030639648e+00
5.256410241127014160e-01
3.891445994377136230e-01
-1.678328037261962891e+00
-4.337720870971679688e-01
-7.913279533386230469e-02
8.974727243185043335e-02
2.811064243316650391e+00
-7.925752997398376465e-01
1.904910206794738770e+00
-2.551128864288330078e-01
-7.875525355339050293e-01
-1.904617190361022949e+00
7.438887953758239746e-01
5.091224908828735352e-01
-1.545108318328857422e+00
-2.963125705718994141e+00
5.536899566650390625e-01
-2.396738529205322266e+00
-2.322228431701660156e+00
-1.998770236968994141e-02
1.631327152252197266e+00
3.941232860088348389e-01
-2.228773199021816254e-02
-1.015001654624938965e+00
-5.413141250610351562e-01
4.572001099586486816e-01
-2.342359066009521484e+00
-3.873648643493652344e-01
-6.635276079177856445e-01
-1.545408487319946289e+00
1.859311580657958984e+00
