8.017568588256835938e-01
-1.254366874694824219e+00
-4.732776433229446411e-02
5.079208016395568848e-01
1.090983629226684570e+00
1.010280773043632507e-01
8.526554107666015625e-01
-2.609366476535797119e-01
3.257080912590026855e-01
5.336549878120422363e-01
9.461798518896102905e-02
9.184340238571166992e-01
1.313921451568603516e+00
-1.300158262252807617e+00
4.833082556724548340e-01
-9.896484613418579102e-01
6.930848360061645508e-01
-1.243554711341857910e+00
-2.433174371719360352e+00
1.306331038475036621e+00
1.403111338615417480e+00
-3.577672541141510010e-01
9.666189551353454590e-01
-1.185459375381469727e+00
-1.928204536437988281e+00
-9.495016932487487793e-01
1.300794363021850586e+00
-7.319682836532592773e-01
1.371414422988891602e+00
-1.559870600700378418e+00
4.407084584236145020e-01
-5.618057250976562500e-01
-1.507191658020019531e+00
-1.782927513122558594e+00
1.177788972854614258e+00
2.886844575405120850e-01
1.308993220329284668e+00
2.287771850824356079e-01
9.110477566719055176e-02
1.121148109436035156e+00
3.263326644897460938e+00
-2.148425340652465820e+00
3.750219047069549561e-01
1.356391787528991699e+00
-1.225023269653320312e-01
-2.409143924713134766e+00
-3.333573639392852783e-01
1.763544559478759766e+00
1.438824981451034546e-01
3.831985592842102051e-01
9.861397743225097656e-02
-3.742390275001525879e-01
-7.954723834991455078e-01
-8.515721559524536133e-01
7.424479722976684570e-01
1.241311311721801758e+00
8.711366653442382812e-01
8.952921628952026367e-01
2.079514503479003906e+00
-1.107110738754272461e+00
-6.880673766136169434e-01
1.481395363807678223e+00
-1.280279040336608887e+00
7.105905413627624512e-01
-1.787597775459289551e+00
-8.154463768005371094e-02
-3.710519671440124512e-01
1.146412253379821777e+00
-1.116592884063720703e+00
1.048365473747253418e+00
1.879936456680297852e+00
2.863721847534179688e-01
-1.214971303939819336e+00
-6.093293428421020508e-03
-8.147351145744323730e-01
-1.648798957467079163e-02
-2.669764280319213867e+00
-9.472131729125976562e-01
5.533164143562316895e-01
-2.137843608856201172e+00
-4.711132049560546875e-01
1.634639263153076172e+00
3.576610326766967773e+00
-4.031883478164672852e-01
2.130429267883300781e+00
-2.044950962066650391e+00
-1.487254619598388672e+00
-1.863510012626647949e+00
-5.526443570852279663e-02
-8.180902898311614990e-02
2.917789667844772339e-02
-2.183171510696411133e+00
3.687166273593902588e-01
-1.262802362442016602e+00
-5.259058475494384766e-01
-4.882336258888244629e-01
-4.098419547080993652e-01
-9.117227196693420410e-01
-8.006393909454345703e-01
-3.082858324050903320e-01
1.444851011037826538e-01
-3.456620573997497559e-01
-1.279405713081359863e+00
1.476215004920959473e+00
2.441250801086425781e+00
1.926017880439758301e+00
-2.594421386718750000e+00
-2.552474021911621094e+00
2.781036615371704102e+00
-7.343802452087402344e-01
1.747446894645690918e+00
2.190402507781982422e+00
-1.112120032310485840e+00
1.370274305343627930e+00
-1.888537034392356873e-02
-1.031687736511230469e+00
-5.962368845939636230e-01
-4.744691848754882812e-01
-1.518816471099853516e+00
1.441462397575378418e+00
2.066744089126586914e+00
-1.394424319267272949e+00
1.119274258613586426e+00
3.622213900089263916e-01
-6.513142585754394531e-02
1.638186097145080566e+00
1.167522668838500977e+00
-2.056662559509277344e+00
