-1.059919834136962891e+00
3.023776412010192871e-01
-4.080172628164291382e-02
-8.107227683067321777e-01
-5.501345396041870117e-01
2.496389150619506836e+00
-5.157775282859802246e-01
5.887149572372436523e-01
-2.777161002159118652e-01
-1.202013015747070312e+00
-1.963545322418212891e+00
-1.929082274436950684e+00
-1.716912865638732910e+00
-1.337458252906799316e+00
8.701024651527404785e-01
-2.032953500747680664e+00
5.058491230010986328e-02
2.435443699359893799e-01
1.437372416257858276e-01
1.248873114585876465e+00
-4.738357067108154297e-01
-2.833002805709838867e-01
-3.887189030647277832e-01
1.587846040725708008e+00
-1.062842369079589844e+00
5.886965990066528320e-01
-1.195544227957725525e-01
-1.480753570795059204e-01
8.536607623100280762e-01
7.333710193634033203e-01
6.339614391326904297e-01
2.798080444335937500e+00
6.873455643653869629e-01
-2.116100937128067017e-01
2.764113843441009521e-01
3.962465226650238037e-01
1.277336597442626953e+00
2.592822313308715820e-01
7.169873714447021484e-01
-4.576607942581176758e-01
2.473661661148071289e+00
-6.342102587223052979e-02
2.536448478698730469e+00
6.232239007949829102e-01
-1.010373532772064209e-01
-2.045793056488037109e+00
-4.902339726686477661e-02
-3.810595870018005371e-01
3.397071361541748047e-01
-1.369488239288330078e+00
-3.404173254966735840e-01
-1.063687562942504883e+00
-9.352272152900695801e-01
1.124620437622070312e+00
-6.978632807731628418e-01
2.116530418395996094e+00
4.303280115127563477e-01
6.756501197814941406e-01
-2.094345986843109131e-01
1.010778903961181641e+00
1.293076276779174805e-01
-1.717546343803405762e+00
1.811105310916900635e-01
1.067968487739562988e+00
-7.484660148620605469e-01
-2.412055969238281250e+00
1.350996017456054688e+00
-6.108098626136779785e-01
7.809882760047912598e-01
2.950951159000396729e-01
3.496939241886138916e-01
1.235236644744873047e+00
9.714133739471435547e-01
6.045795083045959473e-01
-4.416964352130889893e-01
-1.928798913955688477e+00
-1.079043626785278320e+00
-1.971240997314453125e+00
-2.214325904846191406e+00
-7.936053872108459473e-01
-2.776781916618347168e-01
-1.752979159355163574e+00
1.010930895805358887e+00
-2.203795909881591797e-01
1.573496580123901367e+00
-9.414201974868774414e-01
-6.294636130332946777e-01
-4.389634132385253906e-01
-1.337965011596679688e+00
3.723062276840209961e-01
1.320489943027496338e-01
-1.180642962455749512e+00
-1.525627970695495605e+00
-3.248273730278015137e-01
1.425142049789428711e+00
-5.162476897239685059e-01
3.037789463996887207e-02
3.917940855026245117e-01
8.906846642494201660e-01
1.825309038162231445e+00
-2.809298038482666016e+00
3.628993630409240723e-01
-7.621604204177856445e-01
9.038211107254028320e-01
-1.802685499191284180e+00
4.394827187061309814e-01
-8.505931496620178223e-02
-1.049538135528564453e+00
1.025369644165039062e+00
-1.038997054100036621e+00
1.063678264617919922e+00
-4.264290928840637207e-01
4.336973130702972412e-01
1.208527088165283203e+00
2.872386932373046875e+00
1.430396676063537598e+00
-5.769712328910827637e-01
-4.337998628616333008e-01
5.758044719696044922e-01
3.108153820037841797e+00
7.999872565269470215e-01
-1.562269806861877441e+00
-1.272577762603759766e+00
-1.384905457496643066e+00
-7.096844911575317383e-01
5.450973510742187500e-01
3.333908319473266602e-02
-1.393042802810668945e+00
