1.158345699310302734e+00
1.082945615053176880e-01
5.479010939598083496e-01
-2.542135477066040039e+00
-1.167173743247985840e+00
-4.687745273113250732e-01
1.744828939437866211e+00
1.850712776184082031e+00
-3.193099737167358398e+00
-3.932645618915557861e-01
9.825552105903625488e-01
2.763690710067749023e+00
2.623795986175537109e+00
-5.172118544578552246e-01
-3.677511513233184814e-01
-1.608866095542907715e+00
-2.847699075937271118e-02
1.082700490951538086e+00
-1.137444138526916504e+00
-1.185412764549255371e+00
1.088014990091323853e-02
6.266301870346069336e-01
4.065273404121398926e-01
3.330979347229003906e+00
-1.517161011695861816e+00
4.777236878871917725e-01
-1.716899991035461426e+00
-1.710578799247741699e+00
1.013107299804687500e+00
2.292318940162658691e-01
-1.255888938903808594e+00
-1.930947542190551758e+00
-1.905248761177062988e-01
-3.621810972690582275e-01
7.661591768264770508e-01
1.818671584129333496e+00
-8.425591588020324707e-01
6.684724092483520508e-01
-2.170727699995040894e-01
-1.282554507255554199e+00
9.944195151329040527e-01
-8.065568208694458008e-01
1.476665616035461426e+00
-1.593796312808990479e-01
-5.593863129615783691e-01
-3.126928210258483887e-01
-2.418631017208099365e-01
9.076565504074096680e-01
3.006265759468078613e-01
3.496439158916473389e-01
1.523289561271667480e+00
5.057118535041809082e-01
1.761018335819244385e-01
1.299111962318420410e+00
-1.543009877204895020e-01
1.628041267395019531e+00
8.008217811584472656e-02
-1.637702286243438721e-01
-3.931483924388885498e-01
-4.775912165641784668e-01
8.055207729339599609e-01
1.114784628152847290e-01
-7.380459308624267578e-01
-1.267815828323364258e+00
-1.832082986831665039e+00
-2.661245346069335938e+00
1.124306440353393555e+00
2.446934282779693604e-01
8.335645198822021484e-01
1.738002896308898926e-02
2.168067991733551025e-01
1.797285437583923340e+00
4.432005882263183594e-01
-6.807765364646911621e-01
-1.076439619064331055e+00
-4.064051508903503418e-01
-1.139418363571166992e+00
2.032779455184936523e-01
-2.535776138305664062e+00
-1.247258543968200684e+00
-9.168720245361328125e-01
1.980153679847717285e+00
1.678097724914550781e+00
-6.519671678543090820e-01
3.042299270629882812e+00
1.182968735694885254e+00
-1.007629275321960449e+00
1.089132189750671387e+00
-1.577239155769348145e+00
-7.180625200271606445e-02
4.069563448429107666e-01
-7.433516979217529297e-01
-3.806408643722534180e-01
6.817868351936340332e-01
-4.629214853048324585e-02
-9.783250689506530762e-01
1.130569577217102051e+00
-1.171900749206542969e+00
1.339852333068847656e+00
-4.173347949981689453e-01
1.938222527503967285e+00
-4.283442199230194092e-01
-1.802978634834289551e+00
-1.312620997428894043e+00
-5.753577947616577148e-01
-1.227660477161407471e-02
-1.441224098205566406e+00
3.006895482540130615e-01
4.743056595325469971e-01
-2.419144630432128906e+00
-3.003249466419219971e-01
-1.535465836524963379e+00
-3.828846812248229980e-01
-6.962662935256958008e-01
1.106628417968750000e+00
-8.720657825469970703e-01
-4.837823510169982910e-01
-1.991991877555847168e+00
-2.287024259567260742e+00
2.434257984161376953e+00
9.149799346923828125e-01
4.432783424854278564e-01
2.199571609497070312e+00
2.197215557098388672e+00
-1.513236761093139648e-01
4.633285701274871826e-01
2.868221998214721680e-01
-1.841566562652587891e-01
