2.626274824142456055e+00
7.440806627273559570e-01
8.453024923801422119e-02
-3.266780674457550049e-01
5.342624187469482422e-01
5.155414938926696777e-01
-8.531711250543594360e-02
2.208907842636108398e+00
-4.237007498741149902e-01
-7.450706958770751953e-01
1.740445010364055634e-02
1.539288401603698730e+00
1.505332946777343750e+00
-4.285764098167419434e-01
-9.147901087999343872e-03
-1.027423515915870667e-01
-4.704146087169647217e-01
-7.098261117935180664e-01
1.800315976142883301e-01
-1.575153708457946777e+00
-4.134601950645446777e-01
-9.844988584518432617e-01
-1.820504784584045410e+00
-2.845867276191711426e-01
-3.460667431354522705e-01
7.556831091642379761e-02
-2.894813537597656250e+00
3.979326784610748291e-01
5.428645014762878418e-01
1.810880541801452637e+00
1.427084207534790039e-02
3.291437029838562012e-02
-5.091634392738342285e-01
1.362400889396667480e+00
1.292494386434555054e-01
6.423274278640747070e-01
8.196704089641571045e-03
7.328295707702636719e-02
-2.110231876373291016e+00
-9.622025489807128906e-02
1.847777605056762695e+00
1.281217694282531738e+00
1.828680753707885742e+00
1.139235734939575195e+00
-1.378807425498962402e-01
-1.722065448760986328e+00
1.107765316963195801e+00
7.995604872703552246e-01
1.961956143379211426e+00
7.712175846099853516e-01
-7.707458138465881348e-01
-2.880425691604614258e+00
1.837543249130249023e-01
7.476251721382141113e-01
2.318587064743041992e+00
-7.732623219490051270e-01
3.781080842018127441e-01
-1.089580178260803223e+00
-1.082574009895324707e+00
1.727984249591827393e-01
-5.365592241287231445e-01
-1.270565271377563477e+00
7.903778553009033203e-01
1.498582363128662109e-01
1.490223884582519531e+00
-6.082193851470947266e-01
-8.035565018653869629e-01
1.392673134803771973e+00
-1.000694870948791504e+00
-4.782979935407638550e-02
1.651376783847808838e-01
-3.606577217578887939e-02
-1.247398257255554199e+00
1.398764848709106445e+00
6.119233369827270508e-02
1.120252013206481934e-01
8.498684167861938477e-01
-7.600780725479125977e-01
-8.532062768936157227e-01
-1.255728602409362793e+00
4.850246310234069824e-01
-1.560855507850646973e+00
-2.011135965585708618e-01
3.824739456176757812e-01
1.285193920135498047e+00
8.763780593872070312e-01
-8.120391517877578735e-03
-6.369562149047851562e-01
-2.531250938773155212e-02
-1.061454653739929199e+00
8.298685550689697266e-01
-1.991747856140136719e+00
-1.220430135726928711e+00
3.355860710144042969e-01
1.580952167510986328e+00
-3.385332226753234863e-01
1.807817339897155762e+00
-3.040219545364379883e+00
-2.175770759582519531e+00
9.919556379318237305e-01
2.424289226531982422e+00
1.577044129371643066e+00
-1.163655161857604980e+00
-3.953592777252197266e-01
-1.762198209762573242e+00
-5.366380810737609863e-01
-1.319262236356735229e-01
1.932068109512329102e+00
1.135544300079345703e+00
8.678355216979980469e-01
-5.403453111648559570e-01
-9.822139889001846313e-02
-2.011173963546752930e+00
-1.657597869634628296e-01
2.944968938827514648e+00
-1.336731076240539551e+00
1.954269647598266602e+00
-1.111524701118469238e+00
-3.078931093215942383e+00
1.672410368919372559e-01
-1.348874688148498535e+00
-2.438684940338134766e+00
3.605390787124633789e-01
-7.482104301452636719e-01
-2.783389091491699219e-01
-1.005435824394226074e+00
-3.921917676925659180e-01
5.995655655860900879e-01
