-3.867010176181793213e-01
-7.442848682403564453e-01
-3.523705601692199707e-01
-2.910801172256469727e-01
1.000252127647399902e+00
-6.086404323577880859e-01
9.982597827911376953e-01
-2.108464241027832031e-01
-8.543708324432373047e-01
8.031919598579406738e-01
-2.046580612659454346e-01
-8.524298667907714844e-01
-1.224870681762695312e+00
-9.504867792129516602e-01
-4.735387265682220459e-01
6.318828463554382324e-02
7.135932147502899170e-02
1.586989998817443848e+00
-2.523573637008666992e+00
1.585151076316833496e+00
2.150864601135253906e+00
-1.695923686027526855e+00
9.010782837867736816e-01
8.780429959297180176e-01
-2.600344181060791016e+00
-7.143850922584533691e-01
1.683824419975280762e+00
-1.063591718673706055e+00
3.992670774459838867e-01
1.344423174858093262e+00
-8.591517210006713867e-01
2.828743755817413330e-01
-1.439062118530273438e+00
7.392941713333129883e-01
2.438769578933715820e+00
1.621487140655517578e-01
-2.851789951324462891e+00
-4.232819378376007080e-02
2.253369331359863281e+00
1.850427985191345215e+00
1.627778410911560059e+00
5.722334384918212891e-01
8.223199844360351562e-01
-1.291737437248229980e+00
-1.802879571914672852e+00
1.598364949226379395e+00
-1.662759482860565186e-01
7.029507756233215332e-01
-1.772888064384460449e+00
1.321533083915710449e+00
-9.107248783111572266e-01
-1.325188130140304565e-01
4.564914405345916748e-01
-2.609684467315673828e-01
-4.060983061790466309e-01
8.153741955757141113e-01
1.336229562759399414e+00
3.541047573089599609e-01
-1.120706200599670410e+00
-3.588839471340179443e-01
-2.004201710224151611e-01
9.268722534179687500e-01
-2.395576089620590210e-01
8.953281641006469727e-01
1.212213635444641113e+00
-1.105937242507934570e+00
1.101481094956398010e-01
-6.287003755569458008e-01
4.961284995079040527e-01
-3.054072856903076172e-01
-5.595339536666870117e-01
-5.519821047782897949e-01
1.239774465560913086e+00
5.715084075927734375e-02
-7.973785400390625000e-01
-4.428076148033142090e-01
5.462479591369628906e-01
1.271958470344543457e+00
1.155382394790649414e-01
-2.853327035903930664e+00
-3.557905554771423340e-01
-7.269567251205444336e-01
-2.538898229598999023e+00
-9.548039436340332031e-01
2.070572853088378906e+00
8.633697032928466797e-01
-2.006939649581909180e+00
-3.465571999549865723e-01
8.622244596481323242e-01
1.385162353515625000e+00
1.832138001918792725e-01
-5.227033048868179321e-02
-1.095794796943664551e+00
1.508063793182373047e+00
-3.111148118972778320e+00
2.688610851764678955e-01
1.363138556480407715e+00
1.389749526977539062e+00
8.056526780128479004e-01
1.034904718399047852e-01
9.544037580490112305e-01
4.826725125312805176e-01
9.344826340675354004e-01
1.620224714279174805e+00
-1.772498250007629395e+00
2.011972904205322266e+00
1.943018436431884766e-01
3.296839296817779541e-01
4.664938747882843018e-01
-2.137387752532958984e+00
3.787471354007720947e-01
-2.011849880218505859e-01
-1.179417073726654053e-01
8.670408129692077637e-01
-1.074705004692077637e+00
-4.160399436950683594e-01
1.217284321784973145e+00
-8.813610672950744629e-02
-2.631356239318847656e+00
5.635025501251220703e-01
-1.292213678359985352e+00
3.527086079120635986e-01
-1.652940392494201660e+00
1.056967735290527344e+00
-1.336975216865539551e+00
-9.834062457084655762e-01
5.342553853988647461e-01
9.437171816825866699e-01
