-5.254034996032714844e-01
8.812274932861328125e-01
-4.046492278575897217e-01
-1.512595534324645996e+00
2.036675930023193359e+00
1.313899278640747070e+00
1.380208492279052734e+00
1.017279267311096191e+00
-7.675985693931579590e-01
1.434896290302276611e-01
1.416580975055694580e-01
2.289514303207397461e+00
8.366018533706665039e-02
-3.059910237789154053e-01
-1.002022147178649902e+00
1.997985601425170898e+00
1.179176211357116699e+00
2.738881111145019531e-02
-1.253712654113769531e+00
-1.805692076683044434e+00
-4.064596891403198242e-01
-6.341764330863952637e-01
-2.656215429306030273e-01
-8.216311931610107422e-01
-4.165164381265640259e-02
9.471403062343597412e-02
1.840815544128417969e+00
6.494423747062683105e-01
2.039894461631774902e-03
1.610664486885070801e+00
-3.714653849601745605e-01
-2.197131872177124023e+00
-8.633897304534912109e-01
3.177384138107299805e+00
-1.524608969688415527e+00
-2.577644884586334229e-01
-1.060145199298858643e-01
2.434872865676879883e+00
-1.502451539039611816e+00
-2.028279602527618408e-01
2.976297140121459961e+00
1.149223804473876953e+00
1.415015578269958496e+00
1.267745971679687500e+00
-1.335273146629333496e+00
-2.415007114410400391e+00
-6.538422703742980957e-01
2.936130046844482422e+00
4.990273714065551758e-01
2.847574353218078613e-01
7.478271722793579102e-01
-7.012166976928710938e-01
-5.167564153671264648e-01
8.601076006889343262e-01
4.459425806999206543e-02
2.771101236343383789e+00
1.532732129096984863e+00
7.779729366302490234e-02
-1.568512320518493652e+00
1.499354839324951172e-02
9.077965021133422852e-01
-9.612370729446411133e-01
2.378928363323211670e-01
-7.101751565933227539e-01
1.397011280059814453e+00
-2.323987960815429688e+00
-5.509453415870666504e-01
4.311877787113189697e-01
-1.835611701011657715e+00
5.579001307487487793e-01
-2.576597779989242554e-02
8.841756582260131836e-01
-1.779128909111022949e-01
2.984756231307983398e-02
8.180393576622009277e-01
4.786613956093788147e-02
8.010705113410949707e-01
-1.036209940910339355e+00
6.953161954879760742e-01
-2.090800523757934570e+00
-1.875684559345245361e-01
5.266649127006530762e-01
-2.003652900457382202e-01
7.059683203697204590e-01
1.235865712165832520e+00
5.810432434082031250e-01
1.386824250221252441e-01
-7.786728143692016602e-01
-5.903297662734985352e-01
-1.231017112731933594e+00
5.901192873716354370e-02
-4.373237609863281250e+00
-2.109226226806640625e+00
5.980712175369262695e-01
9.794693589210510254e-01
-5.615394711494445801e-01
1.015104651451110840e-01
-1.137581110000610352e+00
-4.461565017700195312e-01
6.514965295791625977e-01
-7.843902111053466797e-01
5.515599846839904785e-01
1.114281654357910156e+00
-2.925518751144409180e+00
-2.022321701049804688e+00
8.322625756263732910e-01
-6.296772956848144531e-01
1.086797475814819336e+00
1.759929060935974121e+00
1.237540721893310547e+00
-1.109403729438781738e+00
-2.799186706542968750e+00
-1.975502848625183105e+00
-6.177917718887329102e-01
4.605221748352050781e-01
-3.899807333946228027e-01
4.330392479896545410e-01
-4.609699845314025879e-01
-1.115982055664062500e+00
1.006742119789123535e+00
9.393485784530639648e-01
-2.144208669662475586e+00
9.443594217300415039e-01
5.779088735580444336e-01
8.519029617309570312e-02
-1.852866411209106445e-01
-1.058692097663879395e+00
-8.251160979270935059e-01
