-4.443975389003753662e-01
-1.867069602012634277e-01
-2.717310190200805664e-01
9.102740287780761719e-01
-1.432582616806030273e+00
-1.186045289039611816e+00
-2.933486104011535645e-01
2.616485655307769775e-01
-7.251139283180236816e-01
4.535993337631225586e-01
2.094950675964355469e-01
-2.873715162277221680e+00
-2.400209426879882812e+00
6.548295617103576660e-01
1.836314320564270020e+00
4.720755219459533691e-01
-6.306306719779968262e-01
1.675845980644226074e+00
3.126522600650787354e-01
2.598508596420288086e-01
-4.790191650390625000e-01
-1.347383856773376465e+00
-1.957570314407348633e-01
1.454984664916992188e+00
-4.319212436676025391e-01
-7.185982912778854370e-02
2.494673490524291992e+00
-1.248680114746093750e+00
1.952252864837646484e+00
3.893227577209472656e-01
4.423767328262329102e-01
-9.806076288223266602e-01
1.765917986631393433e-03
-2.922594547271728516e-01
6.085335612297058105e-01
9.428999423980712891e-01
6.136496663093566895e-01
-7.529703378677368164e-01
9.361153841018676758e-01
-1.324729681015014648e+00
9.205581545829772949e-01
5.969085693359375000e-01
1.094704151153564453e+00
3.585717678070068359e-01
3.412933051586151123e-01
-5.441311001777648926e-02
1.935771226882934570e+00
2.930007278919219971e-01
-4.687868654727935791e-01
2.029593229293823242e+00
-1.344749927520751953e+00
-2.085273027420043945e+00
-6.970109045505523682e-02
1.093854665756225586e+00
2.211994171142578125e+00
-3.364385962486267090e-01
-3.076058030128479004e-01
-9.697219729423522949e-02
1.977532982826232910e+00
9.953320622444152832e-01
-1.543409109115600586e+00
1.937451243400573730e+00
-2.283623218536376953e+00
7.525117397308349609e-01
1.143549680709838867e-01
3.152772039175033569e-02
1.637160181999206543e-01
1.388434648513793945e+00
-1.190131187438964844e+00
-4.206970036029815674e-01
-9.408521056175231934e-01
-5.633116364479064941e-01
1.056203246116638184e+00
1.035369157791137695e+00
-6.665698885917663574e-01
-2.149400949478149414e+00
-2.122783660888671875e+00
6.037402153015136719e-01
-3.340640068054199219e-01
-5.957400202751159668e-01
3.149836063385009766e-01
-5.598468780517578125e-01
2.004165410995483398e+00
6.138693690299987793e-01
-2.549373865127563477e+00
1.530416607856750488e+00
2.083230763673782349e-02
-2.762363672256469727e+00
-4.795575141906738281e-01
1.073505878448486328e+00
-3.101701498031616211e+00
1.546230435371398926e+00
-2.320028066635131836e+00
1.597198247909545898e+00
-1.805061340332031250e+00
1.833144545555114746e+00
1.419664978981018066e+00
-2.362333774566650391e+00
-5.675883293151855469e-01
3.117216110229492188e+00
-1.525421857833862305e+00
-1.134693980216979980e+00
1.187695980072021484e+00
8.368180394172668457e-01
1.387498140335083008e+00
1.222671344876289368e-01
-1.305248618125915527e+00
7.343700528144836426e-01
-1.104775547981262207e+00
-4.222292304039001465e-01
-9.610518813133239746e-02
-1.034168124198913574e+00
-9.313189983367919922e-02
5.175664424896240234e-01
-9.755598902702331543e-01
-5.378184914588928223e-01
1.917868375778198242e+00
-1.749407410621643066e+00
3.802649080753326416e-01
-4.357928633689880371e-01
-7.447875142097473145e-01
7.052693963050842285e-01
7.707989215850830078e-01
-1.032956361770629883e+00
-2.028645277023315430e-01
-3.038200616836547852e+00
9.079157114028930664e-01
4.354094266891479492e-01
