-2.747359275817871094e-01
-8.566572666168212891e-01
-4.162046611309051514e-01
3.097881972789764404e-01
5.509351491928100586e-01
1.479955434799194336e+00
4.009027481079101562e-01
3.566973209381103516e-01
-1.420829415321350098e+00
9.417019486427307129e-01
3.296798765659332275e-01
7.049188017845153809e-01
5.704324841499328613e-01
-4.216831028461456299e-01
-2.482058107852935791e-01
6.992550194263458252e-02
4.297254681587219238e-01
9.702831506729125977e-01
1.326482176780700684e+00
1.553269028663635254e+00
-1.846574306488037109e+00
3.536981046199798584e-01
-6.726884841918945312e-01
4.610082507133483887e-01
-3.523436069488525391e+00
-1.621949672698974609e+00
1.037793397903442383e+00
8.431452512741088867e-01
1.010583877563476562e+00
9.848904609680175781e-01
-1.966023445129394531e+00
3.002142608165740967e-01
-6.886603236198425293e-01
-8.484920263290405273e-01
-2.649699449539184570e+00
-6.521706581115722656e-01
9.675687551498413086e-01
-6.105232238769531250e-01
-1.413590461015701294e-01
5.788263082504272461e-01
-4.422963261604309082e-01
1.328047037124633789e+00
1.270278811454772949e+00
1.697932362556457520e+00
8.336459994316101074e-01
9.975994378328323364e-02
-2.371168136596679688e+00
-2.362839937210083008e+00
1.750447601079940796e-01
1.735909104347229004e+00
1.000317811965942383e+00
1.040876746177673340e+00
5.989547967910766602e-01
-3.529745340347290039e-02
1.111481785774230957e+00
-6.556887030601501465e-01
9.956265985965728760e-02
1.872437357902526855e+00
-1.106567859649658203e+00
1.306871414184570312e+00
-2.711335122585296631e-01
2.633317470550537109e+00
-9.716557264328002930e-01
-5.338787436485290527e-01
1.757561683654785156e+00
-1.999204277992248535e+00
-1.438184738159179688e+00
1.632987856864929199e-01
1.756674766540527344e+00
9.267944693565368652e-01
8.896816968917846680e-01
-1.960021853446960449e+00
1.285418510437011719e+00
9.844509959220886230e-01
1.222731351852416992e+00
-8.221761584281921387e-01
7.803876996040344238e-01
4.990603625774383545e-01
2.496090531349182129e-02
-4.784325659275054932e-01
1.938855409622192383e+00
-2.499181985855102539e+00
-1.033219099044799805e+00
-1.479233503341674805e+00
-1.270517468452453613e+00
-3.964884281158447266e-01
-9.719031453132629395e-01
-1.296256422996520996e+00
1.361306905746459961e+00
-3.195443153381347656e-01
-2.700344622135162354e-01
-7.457627058029174805e-01
7.558504343032836914e-01
-1.473568379878997803e-01
-1.415901184082031250e+00
3.393568694591522217e-01
2.193279027938842773e+00
-2.454871535301208496e-01
-1.600173264741897583e-01
6.330878138542175293e-01
1.056462764739990234e+00
-1.933944970369338989e-01
-8.521258831024169922e-01
-8.230162262916564941e-01
3.957586884498596191e-01
2.880630791187286377e-01
-5.079590082168579102e-01
-6.652997136116027832e-01
-2.320937156677246094e+00
-3.634347915649414062e-01
-1.147980093955993652e+00
1.047247052192687988e+00
-1.396393626928329468e-01
-9.456234574317932129e-01
1.862749099731445312e+00
-1.441667318344116211e+00
-2.778722047805786133e-01
-1.095905423164367676e+00
-1.697322428226470947e-01
-7.605465054512023926e-01
-4.872982501983642578e-01
7.170782089233398438e-01
1.448520898818969727e+00
-8.838676214218139648e-01
-1.314661860466003418e+00
-8.465164303779602051e-01
9.583095312118530273e-01
8.423009514808654785e-01
