1.254801869392395020e+00
1.079165220260620117e+00
-7.581194490194320679e-02
7.261966466903686523e-01
5.239072442054748535e-02
-5.455684661865234375e-01
-7.163106799125671387e-01
-6.371676921844482422e-01
-2.333340406417846680e+00
-1.364935934543609619e-01
7.768106460571289062e-01
1.687768816947937012e+00
-8.605483174324035645e-01
-1.487144589424133301e+00
-1.012568831443786621e+00
-4.669371247291564941e-01
1.109241008758544922e+00
6.461658477783203125e-01
-4.799211323261260986e-01
-8.235672116279602051e-01
6.515203714370727539e-01
-9.946957826614379883e-01
2.960898876190185547e-01
-1.257906436920166016e+00
1.803302407264709473e+00
5.411601662635803223e-01
-2.242242097854614258e+00
-3.109592795372009277e-01
8.378037810325622559e-01
-4.234700798988342285e-01
4.247364997863769531e-01
5.974688529968261719e-01
-2.157521009445190430e+00
1.771497130393981934e-01
1.529188752174377441e-01
6.981579065322875977e-01
-3.782074153423309326e-01
1.566603660583496094e+00
-1.388664692640304565e-01
1.552268981933593750e+00
1.590054154396057129e+00
1.375335693359375000e+00
1.511270999908447266e+00
9.991606473922729492e-01
8.701610565185546875e-02
4.361121058464050293e-01
2.521359324455261230e-01
1.061506032943725586e+00
4.609615206718444824e-01
1.000409200787544250e-02
-7.694306373596191406e-01
1.943630427122116089e-01
1.665846705436706543e+00
-7.529404163360595703e-01
-4.733363389968872070e-01
1.607426762580871582e+00
-5.521787405014038086e-01
9.488775730133056641e-01
9.112658500671386719e-01
2.408254146575927734e+00
-8.534532785415649414e-01
-4.033718705177307129e-01
1.451847791671752930e+00
6.941933631896972656e-01
1.432168841361999512e+00
-1.797631144523620605e+00
-1.180928826332092285e+00
-6.468347907066345215e-01
5.360714346170425415e-02
-8.107670545578002930e-01
-9.338585138320922852e-01
9.360008239746093750e-01
-7.518630027770996094e-01
6.376959681510925293e-01
1.232241392135620117e+00
-7.151048779487609863e-01
1.306241750717163086e+00
1.498082652688026428e-02
-1.191857337951660156e+00
-1.632177114486694336e+00
-5.665480494499206543e-01
1.919917941093444824e+00
3.573534190654754639e-01
4.168391227722167969e-01
1.616335988044738770e+00
5.108286142349243164e-01
8.933874964714050293e-01
-2.780677080154418945e-01
-3.844156861305236816e-01
3.641392588615417480e-01
-2.679275512695312500e+00
-1.362894415855407715e+00
1.041424989700317383e+00
-1.019686698913574219e+00
2.087169885635375977e+00
-2.667385578155517578e+00
-1.902892589569091797e-01
-3.423255085945129395e-01
1.695988416671752930e+00
-2.336101531982421875e+00
3.670981526374816895e-01
7.385870218276977539e-01
-2.027559727430343628e-01
-1.017157673835754395e+00
-1.429071128368377686e-01
-8.992629051208496094e-01
-8.965336084365844727e-01
4.777697622776031494e-01
-4.507873654365539551e-01
5.458024740219116211e-01
-2.021509647369384766e+00
-1.511523962020874023e+00
-5.561344623565673828e-01
2.249379307031631470e-01
1.230922818183898926e+00
7.971727252006530762e-01
-6.727769970893859863e-01
-3.202616453170776367e+00
-1.331165134906768799e-01
-1.674982160329818726e-01
-4.278070926666259766e-01
2.140507221221923828e+00
-4.235223829746246338e-01
1.547392249107360840e+00
-1.418002963066101074e+00
-3.105605840682983398e+00
-1.649753332138061523e+00
1.341814517974853516e+00
