3.770176768302917480e-01
5.410174131393432617e-01
3.197919726371765137e-01
-2.846133470535278320e+00
-2.388889551162719727e+00
3.729493618011474609e-01
2.363446235656738281e+00
2.669015884399414062e+00
-1.584473133087158203e+00
-8.104962706565856934e-01
2.628027200698852539e+00
2.399798631668090820e+00
2.327171325683593750e+00
3.682999610900878906e-01
3.450645506381988525e-02
-1.614529252052307129e+00
-3.488356769084930420e-01
1.428533554077148438e+00
-6.690688133239746094e-01
-2.942753434181213379e-01
-8.739378452301025391e-01
4.050152003765106201e-01
4.222446084022521973e-01
2.864516258239746094e+00
-2.187813758850097656e+00
3.838188350200653076e-01
-1.299661397933959961e+00
-1.273932576179504395e+00
1.228806257247924805e+00
1.222242355346679688e+00
-1.944473028182983398e+00
-2.660521268844604492e+00
-2.352707087993621826e-01
-9.753009080886840820e-01
-5.945674777030944824e-01
1.787137985229492188e+00
-1.322691202163696289e+00
-4.172902405261993408e-01
-3.935298919677734375e-01
-2.208108901977539062e+00
-1.464267015457153320e+00
-5.179698467254638672e-01
1.418029665946960449e+00
8.239609003067016602e-01
1.555840671062469482e-01
2.086757183074951172e+00
-2.128760814666748047e-01
1.519081473350524902e+00
-6.018251180648803711e-02
8.316654562950134277e-01
1.250075578689575195e+00
2.834827601909637451e-01
6.479219198226928711e-01
5.169239044189453125e-01
-4.624201059341430664e-01
4.083547741174697876e-02
1.225477576255798340e+00
-3.322606980800628662e-01
-5.165090560913085938e-01
-1.654423773288726807e-01
3.201712071895599365e-01
2.161614418029785156e+00
-2.041424751281738281e+00
-1.501799821853637695e-01
-5.990718603134155273e-01
-2.740914821624755859e+00
9.736161231994628906e-01
-9.243116974830627441e-01
8.233687281608581543e-01
7.033060789108276367e-01
1.708649694919586182e-01
1.288691043853759766e+00
1.705516815185546875e+00
-7.132644653320312500e-01
-4.918717145919799805e-01
-1.176062583923339844e+00
-1.083518505096435547e+00
-6.550369858741760254e-01
-1.905632853507995605e+00
-9.505633711814880371e-01
-9.656534790992736816e-01
2.209859341382980347e-01
1.273141503334045410e+00
-8.086813688278198242e-01
1.559419631958007812e+00
7.787470817565917969e-01
-1.135836839675903320e+00
1.241262480616569519e-01
-1.128783106803894043e+00
8.342179059982299805e-01
4.130899906158447266e-04
-1.348052144050598145e+00
-5.086125731468200684e-01
8.204284310340881348e-01
1.838056445121765137e-01
4.565611481666564941e-03
1.217630028724670410e+00
-6.947738528251647949e-01
8.253841400146484375e-01
9.947983622550964355e-01
1.292295217514038086e+00
-1.144842505455017090e+00
-1.215908408164978027e+00
-6.601830124855041504e-01
1.648478150367736816e+00
3.037809133529663086e-01
-6.953041553497314453e-01
9.670723676681518555e-01
2.936293780803680420e-01
-1.314995408058166504e+00
-1.500441431999206543e+00
1.345385611057281494e-01
-1.022699475288391113e+00
-2.245861053466796875e+00
1.393889784812927246e+00
-9.114363193511962891e-01
4.018045365810394287e-01
-1.207453489303588867e+00
-2.415426969528198242e+00
1.181151151657104492e+00
-3.764778971672058105e-01
3.689946830272674561e-01
2.302583694458007812e+00
1.468395352363586426e+00
-2.765758037567138672e-01
-5.550860762596130371e-01
5.544008612632751465e-01
3.464540839195251465e-01
