3.141949772834777832e-01
-3.539213538169860840e-01
5.095046162605285645e-01
6.592962741851806641e-01
-5.618896484375000000e-01
1.374953269958496094e+00
5.343738198280334473e-01
2.224771738052368164e+00
-1.333288788795471191e+00
-5.244798660278320312e-01
9.769082069396972656e-02
-1.259106040000915527e+00
1.041168272495269775e-01
-4.208312630653381348e-01
7.361382246017456055e-01
-6.829420924186706543e-01
-2.319266647100448608e-02
-7.458291053771972656e-01
-1.668975710868835449e+00
3.664723038673400879e-01
-5.437454581260681152e-01
-1.915589690208435059e+00
-4.586692452430725098e-01
1.718647718429565430e+00
-2.089364290237426758e+00
1.521813035011291504e+00
9.323732852935791016e-01
-4.214862287044525146e-01
2.143123626708984375e+00
9.919679164886474609e-01
-1.668092250823974609e+00
-2.718204855918884277e-01
-1.229968070983886719e+00
4.255893826484680176e-01
-1.476252675056457520e+00
9.678530693054199219e-01
8.342941999435424805e-01
-2.235538005828857422e+00
-1.369676709175109863e+00
-4.083679020404815674e-01
2.560843944549560547e+00
-3.798852860927581787e-01
1.048166155815124512e+00
3.426637351512908936e-01
9.010039567947387695e-01
1.777528762817382812e+00
-2.620155513286590576e-01
1.418243408203125000e+00
7.865855097770690918e-01
-9.207889437675476074e-03
6.899741291999816895e-01
-1.898245364427566528e-01
6.547763943672180176e-01
-3.090831041336059570e-01
-1.618009805679321289e+00
1.213309615850448608e-01
9.480772018432617188e-01
-1.392409801483154297e+00
2.541792869567871094e+00
1.015660047531127930e+00
-3.694721221923828125e+00
4.216381072998046875e+00
-2.815376043319702148e+00
2.308497428894042969e+00
-1.168635129928588867e+00
-1.901854634284973145e+00
9.232737421989440918e-01
7.298223972320556641e-01
-4.471684098243713379e-01
1.745765805244445801e-01
-7.319505810737609863e-01
-2.561336040496826172e+00
2.769388198852539062e+00
9.015023708343505859e-03
1.600963354110717773e+00
-2.481003850698471069e-01
-7.169504165649414062e-01
1.571373701095581055e+00
-6.262793540954589844e-01
-1.532253026962280273e+00
-4.492831826210021973e-01
-9.049109220504760742e-01
1.177212476730346680e+00
-1.050640106201171875e+00
8.817831426858901978e-02
-1.529024481773376465e+00
-1.281645298004150391e+00
-8.281644582748413086e-01
3.918601274490356445e-01
8.625783920288085938e-01
-1.321743577718734741e-01
4.454799294471740723e-01
-1.028083205223083496e+00
-5.870792269706726074e-02
-5.179233551025390625e-01
7.781293988227844238e-01
2.102946341037750244e-01
-1.649981737136840820e-01
-6.306505799293518066e-01
2.189117819070816040e-01
-4.669460356235504150e-01
-2.027744054794311523e+00
-1.850693106651306152e+00
1.194017529487609863e+00
1.455250740051269531e+00
1.384581565856933594e+00
-1.232605218887329102e+00
1.185083910822868347e-01
-8.495427966117858887e-01
7.669144272804260254e-01
-2.086159586906433105e-02
2.299742698669433594e+00
-6.731444001197814941e-01
-4.991461038589477539e-01
-1.951296627521514893e-01
-1.714671730995178223e+00
-5.655117630958557129e-01
7.147639989852905273e-01
-9.926536083221435547e-01
5.395233631134033203e-01
1.555326700210571289e+00
9.055687189102172852e-01
8.340015411376953125e-01
-6.223004460334777832e-01
-7.308951616287231445e-01
4.984054267406463623e-01
-5.860337615013122559e-01
4.526157975196838379e-01
