7.515286207199096680e-01
-4.422168433666229248e-02
-8.700052261352539062e+00
1.617026627063751221e-01
-6.268075108528137207e-02
4.702259600162506104e-02
-2.373075485229492188e-01
8.269044160842895508e-01
1.082467079162597656e+00
-4.573783874511718750e-01
-2.341512441635131836e-01
4.119315445423126221e-01
-2.393897473812103271e-01
9.073253870010375977e-01
-3.460620045661926270e-01
9.494619965553283691e-01
9.827534556388854980e-01
1.839284598827362061e-01
1.894657611846923828e-01
-4.832254052162170410e-01
-2.906148880720138550e-02
3.326688110828399658e-01
3.076293945312500000e+00
-3.817992210388183594e-01
-1.087879180908203125e+00
-8.932677656412124634e-02
-2.051015794277191162e-01
-4.622227847576141357e-01
-8.106898069381713867e-01
-1.555625647306442261e-01
2.550659179687500000e-01
2.699998915195465088e-01
-5.151191711425781250e+00
7.953245192766189575e-02
1.874169409275054932e-01
3.387041091918945312e-01
-2.892141044139862061e-02
7.277487516403198242e-01
8.673951774835586548e-02
-3.325742185115814209e-01
-1.779054850339889526e-02
-3.609657287597656250e-04
1.089155435562133789e+00
7.392979264259338379e-01
-6.386860609054565430e-01
2.629379928112030029e-01
8.230555057525634766e-01
1.175967007875442505e-01
-1.533944308757781982e-01
2.134971320629119873e-01
8.854365944862365723e-01
-4.873002171516418457e-01
-8.107229471206665039e-01
1.049659848213195801e+00
1.514115035533905029e-01
6.252322793006896973e-01
-5.397242307662963867e-01
-1.987123489379882812e-02
2.370984852313995361e-01
-4.049794375896453857e-01
-4.658215939998626709e-01
8.736391365528106689e-02
5.246111154556274414e-01
1.094084501266479492e+00
5.205462574958801270e-01
-2.128600925207138062e-01
-2.894096374511718750e-01
3.076655864715576172e-01
8.940237760543823242e-02
-4.547382295131683350e-01
-5.676043033599853516e-02
6.287252902984619141e-02
5.489264130592346191e-01
9.691045880317687988e-01
9.657036662101745605e-01
-5.145121812820434570e-01
-1.020229458808898926e-01
8.125520944595336914e-01
-1.451959490776062012e+00
-1.631639719009399414e+00
-1.278365403413772583e-01
-1.968859881162643433e-01
1.097694039344787598e+00
1.612046360969543457e-01
-7.286117672920227051e-01
2.039417624473571777e-03
8.113993406295776367e-01
-2.725641727447509766e-01
-2.832319140434265137e-01
7.305173873901367188e-01
-1.406826734542846680e+00
-5.785140395164489746e-01
4.145428240299224854e-01
1.091008186340332031e-01
-4.820846319198608398e-01
-5.741920471191406250e-01
5.653526782989501953e-01
9.313184022903442383e-01
-2.112164050340652466e-01
-4.514494538307189941e-02
-3.953876197338104248e-01
4.335987567901611328e-02
-1.040355712175369263e-01
9.477055072784423828e-01
-3.094002306461334229e-01
1.378360986709594727e+00
1.059661030769348145e+00
-7.430688738822937012e-01
-5.019228458404541016e-01
3.561679124832153320e-01
7.645512819290161133e-01
-3.106717467308044434e-01
-1.023413300514221191e+00
-1.075169071555137634e-01
-4.124138131737709045e-02
-4.905059933662414551e-01
4.500196576118469238e-01
3.571876585483551025e-01
-1.429615914821624756e-01
-3.514140844345092773e-04
-5.739086270332336426e-01
-7.003637552261352539e-01
-5.643701553344726562e-01
1.265702724456787109e+00
-9.908545017242431641e-02
1.328102111816406250e+00
2.641862630844116211e-01
-1.910605132579803467e-01
