1.026051715016365051e-01
-1.156060457229614258e+00
-1.831579506397247314e-01
-1.536557674407958984e-01
1.688999831676483154e-01
4.479959607124328613e-04
4.093412160873413086e-01
-3.700688779354095459e-01
1.092763304710388184e+00
3.023270666599273682e-01
-4.975828826427459717e-01
-2.154109001159667969e+00
6.435042619705200195e-01
8.661454916000366211e-01
-4.224601686000823975e-01
-8.749524950981140137e-01
-5.965790748596191406e-01
-2.533294856548309326e-01
1.477676749229431152e+00
1.827779173851013184e+00
-3.082006424665451050e-02
6.065263748168945312e-01
-1.071515232324600220e-01
1.599441289901733398e+00
8.397467732429504395e-01
-1.925794839859008789e+00
-1.004005551338195801e+00
-6.261935830116271973e-02
4.332526326179504395e-01
9.580338001251220703e-01
-7.763769626617431641e-01
7.758733034133911133e-01
-1.175697326660156250e+00
1.195278093218803406e-01
2.473358437418937683e-02
-3.766127228736877441e-01
-7.027367949485778809e-01
-2.371036529541015625e+00
-3.238395452499389648e-01
-1.393910050392150879e+00
7.930856347084045410e-01
4.649447500705718994e-01
2.061690807342529297e+00
3.089554309844970703e+00
-8.019009232521057129e-01
1.271805763244628906e+00
-5.497951060533523560e-02
8.849235773086547852e-01
-1.648151874542236328e-02
2.244099378585815430e-01
-7.125659584999084473e-01
-4.612976312637329102e-01
4.794472754001617432e-01
-2.783535718917846680e-01
-7.307142019271850586e-01
-6.890063881874084473e-01
-1.111429095268249512e+00
1.572654247283935547e+00
-9.560298919677734375e-01
-5.648795366287231445e-01
1.144314527511596680e+00
3.002533197402954102e+00
6.470350027084350586e-01
-1.317831277847290039e-01
1.841884136199951172e+00
-2.424326688051223755e-01
-4.415981173515319824e-01
2.916547358036041260e-01
1.549116134643554688e+00
7.116414308547973633e-01
-2.943624556064605713e-02
-1.194723248481750488e+00
1.706783890724182129e+00
1.390878200531005859e+00
-8.868027478456497192e-02
-1.330455422401428223e+00
-9.942152500152587891e-01
-1.050298452377319336e+00
9.676821231842041016e-01
-1.959061026573181152e-01
2.389591038227081299e-01
-2.366519689559936523e+00
5.761166214942932129e-01
4.354032278060913086e-01
2.709822058677673340e-01
-9.018994569778442383e-01
4.659296572208404541e-01
-9.793998003005981445e-01
6.577511429786682129e-01
2.487773001194000244e-01
-9.593997597694396973e-01
-9.492647051811218262e-01
-8.438850641250610352e-01
1.180697798728942871e+00
1.085036277770996094e+00
-9.437332153320312500e-01
-1.495665669441223145e+00
-6.678991913795471191e-01
1.084704995155334473e+00
5.146992206573486328e-01
-2.753217220306396484e-01
1.679138422012329102e+00
2.407385110855102539e-01
-1.609456896781921387e+00
3.890599310398101807e-01
1.727046817541122437e-02
-1.424724012613296509e-01
6.252142190933227539e-01
2.697709798812866211e+00
9.857337474822998047e-01
-2.214835643768310547e+00
1.484152436256408691e+00
-3.062674105167388916e-01
1.864950507879257202e-01
2.895234525203704834e-01
-2.891143798828125000e+00
-3.581082820892333984e-02
5.421271324157714844e-01
-5.811538696289062500e-01
-1.443163514137268066e+00
-1.042895555496215820e+00
-5.411339998245239258e-01
-4.723861217498779297e-01
-1.037181973457336426e+00
-1.647012829780578613e+00
-1.458961963653564453e+00
-1.673867404460906982e-01
9.800348877906799316e-01
