1.472538709640502930e+00
-9.035314321517944336e-01
-4.128352105617523193e-01
-9.501205384731292725e-02
-1.686895340681076050e-01
7.512073516845703125e-01
-4.989257827401161194e-02
-3.909534215927124023e-02
-2.533336400985717773e+00
-3.216589093208312988e-01
1.664781093597412109e+00
7.054849863052368164e-01
1.576669216156005859e+00
-1.142452120780944824e+00
1.285512447357177734e+00
5.117139816284179688e-01
-6.473210453987121582e-01
1.121779382228851318e-01
-1.626461386680603027e+00
3.195814847946166992e+00
-2.032855033874511719e+00
-1.265976667404174805e+00
1.813989639282226562e+00
1.999174833297729492e+00
1.192802488803863525e-01
-1.469147652387619019e-01
3.907219693064689636e-02
-2.363234758377075195e+00
-4.932933747768402100e-01
7.560272216796875000e-01
-5.289001464843750000e-01
-9.013499021530151367e-01
-4.020250439643859863e-01
2.759344130754470825e-02
-1.262064456939697266e+00
1.163959264755249023e+00
4.670041501522064209e-01
8.122239112854003906e-01
-1.320812582969665527e+00
1.064921379089355469e+00
1.265024185180664062e+00
-1.087310552597045898e+00
6.729307174682617188e-01
9.650875329971313477e-01
-9.046874195337295532e-02
-1.192898035049438477e+00
-1.150509238243103027e+00
-3.032322525978088379e-01
-1.992788553237915039e+00
8.789235949516296387e-01
4.964867830276489258e-01
4.776294827461242676e-01
1.433368802070617676e+00
3.025175929069519043e-01
-3.910181522369384766e-01
-3.916502743959426880e-02
-4.734498262405395508e-02
-2.234674543142318726e-01
2.374817609786987305e+00
1.032465696334838867e+00
-1.696266531944274902e+00
3.119117259979248047e+00
6.921977996826171875e-01
1.118626117706298828e+00
-1.085910320281982422e+00
-2.719390630722045898e+00
-1.608543872833251953e+00
6.039581894874572754e-01
-7.905217409133911133e-01
-2.811331748962402344e-01
1.081590533256530762e+00
1.313064455986022949e+00
8.845893144607543945e-01
1.394639253616333008e+00
7.215828299522399902e-01
2.764493525028228760e-01
1.077852696180343628e-01
-9.157520532608032227e-01
9.062327146530151367e-01
-4.797980487346649170e-01
7.320591807365417480e-01
-5.382171273231506348e-01
-5.214303135871887207e-01
-1.543594121932983398e+00
8.640998601913452148e-01
-2.707592010498046875e+00
-1.353504061698913574e+00
-3.114441037178039551e-01
3.158538937568664551e-01
-3.380676209926605225e-01
6.531704068183898926e-01
-1.333266377449035645e+00
1.593524456024169922e+00
-2.308560013771057129e-01
1.080899477005004883e+00
-1.033658862113952637e+00
2.897911965847015381e-01
-5.285719037055969238e-01
-1.206662893295288086e+00
-2.499995708465576172e+00
1.877449870109558105e+00
5.197045207023620605e-01
-2.796971797943115234e+00
1.288372397422790527e+00
1.031381487846374512e+00
7.682850360870361328e-01
4.166585803031921387e-01
-1.695714712142944336e+00
2.669989347457885742e+00
5.902605056762695312e-01
4.135752916336059570e-01
1.737145423889160156e+00
-5.691336095333099365e-02
-1.805993914604187012e-01
-6.896061450242996216e-02
-2.261711120605468750e+00
-1.676946878433227539e-03
-4.860935807228088379e-01
-3.546779751777648926e-01
-2.155727148056030273e+00
3.483057320117950439e-01
5.059393644332885742e-01
6.566858291625976562e-01
1.390350908041000366e-01
-9.981087446212768555e-01
4.597076475620269775e-01
-1.158133149147033691e+00
-1.136568188667297363e-02
