-8.452213046464698287e-01
-9.807964668764361793e-01
-2.762006003485601990e-01
-3.454789458138051161e-01
-3.069891711628184305e-01
-2.720248491747956909e-01
-2.373493953713168014e-01
-2.188726421986731674e-01
-2.075045134463137653e-01
-1.694279340920771260e-01
-1.450132075301713286e-01
-1.283472894479127102e-01
-1.032915313514864153e-01
-1.034912924922753580e-01
-1.196957071671783390e-01
-1.226887444222408557e-01
-1.295589481131245169e-01
-1.323699290882241753e-01
-1.027518748866039638e-01
-6.301751883329295700e-02
-6.475279680831777518e-02
-8.327261181008743796e-02
-6.396791472477256213e-02
-5.373278625798385416e-02
-4.680451919162662705e-02
-6.189717415274655771e-02
-5.082249346529255779e-02
-4.046259443833324920e-02
-2.870563114968333399e-02
-3.688676075606087817e-02
-4.551786430376289494e-02
-5.085120945839703005e-02
-5.396163908957123112e-02
-6.528235226578739392e-02
-6.139885690031068877e-02
-4.775009457446484362e-02
-4.198737931516576677e-02
-4.641779995966627270e-02
-6.608791566116754834e-02
-6.756309398795008747e-02
-7.050078253005109818e-02
-7.527892672634428628e-02
-6.239722774559634810e-02
-5.284749225332358719e-02
-3.900157017339127286e-02
-5.408635795993554235e-02
-6.611434142753892795e-02
-5.982998408895846831e-02
-8.065396561672449893e-02
-7.181894737822547281e-02
-5.018192175743579897e-02
-4.539890052821114047e-02
-4.851228073209971209e-02
-4.771360471172528955e-02
-4.418212145984255768e-02
-3.898046619888480974e-02
-3.799058095640909377e-02
-1.196907083956063982e-02
-1.367789712974246639e-02
-3.391172346413206737e-03
-8.937467239911942030e-03
-7.901663713756972539e-04
-1.907961543975995444e-03
4.490896992462694031e-04
1.566848426272719058e-02
1.195780330615035456e-02
-8.883381627468562441e-03
-1.174623042760981374e-02
-5.344452618991479137e-03
1.588687814430386758e-02
1.750766691891805782e-02
-1.505821099618087112e-02
3.398398008286618310e-02
2.655304047983092150e-02
-2.029614932969731056e-02
2.942267787488165101e-02
3.666585848382629409e-02
-1.025682890770207578e-02
3.478808075780842612e-02
-9.252990609238398445e-03
4.967519658977284647e-02
4.055031611558651550e-02
-1.177901461309399656e-02
-1.737986168089855621e-02
1.455046274696229769e-02
-1.217561702976208138e-02
6.218232783563149013e-03
0.000000000000000000e+00
0.000000000000000000e+00
0.000000000000000000e+00
0.000000000000000000e+00
0.000000000000000000e+00
0.000000000000000000e+00
0.000000000000000000e+00
0.000000000000000000e+00
0.000000000000000000e+00
0.000000000000000000e+00
0.000000000000000000e+00
0.000000000000000000e+00
0.000000000000000000e+00
0.000000000000000000e+00
0.000000000000000000e+00
0.000000000000000000e+00
0.000000000000000000e+00
0.000000000000000000e+00
0.000000000000000000e+00
0.000000000000000000e+00
0.000000000000000000e+00
0.000000000000000000e+00
0.000000000000000000e+00
0.000000000000000000e+00
0.000000000000000000e+00
0.000000000000000000e+00
0.000000000000000000e+00
0.000000000000000000e+00
0.000000000000000000e+00
0.000000000000000000e+00
0.000000000000000000e+00
0.000000000000000000e+00
0.000000000000000000e+00
0.000000000000000000e+00
0.000000000000000000e+00
0.000000000000000000e+00
0.000000000000000000e+00
0.000000000000000000e+00
0.000000000000000000e+00
0.000000000000000000e+00
0.000000000000000000e+00
