2.097564065262477850e+00
4.117894509573575057e+00
3.107123111753031353e+00
3.187428460015831799e+00
3.072604562608057144e+00
3.007155399423878883e+00
2.923673671221044490e+00
2.801086182441338224e+00
2.789112900899215042e+00
2.639624703920009807e+00
2.576094928576114107e+00
2.553283495001677839e+00
2.523003979838637445e+00
2.529621521002304974e+00
2.504443060550981315e+00
2.464252745378693987e+00
2.477312941599299823e+00
2.492895451034622400e+00
2.492376527482091042e+00
2.421336024495921446e+00
2.415345683761827456e+00
2.388633370938999079e+00
2.295531911269973691e+00
2.321213118155999844e+00
2.309295672444247938e+00
2.324682318721898344e+00
2.277093164522806745e+00
2.301987847685484034e+00
2.293182387119365284e+00
2.303036932192645381e+00
2.273292441020967836e+00
2.269560695489683422e+00
2.192528706633114943e+00
2.246168233687429350e+00
2.284459059118948421e+00
2.221945545211132078e+00
2.192195009757023527e+00
2.195471820055691303e+00
2.214822690183871234e+00
2.200782141027346483e+00
2.160159892070771637e+00
2.184503316545678864e+00
2.176430869337349527e+00
2.153463527943162426e+00
2.131992585510182447e+00
2.137572695131582989e+00
2.149560748568221324e+00
2.061377092776167430e+00
2.041270806488592715e+00
2.070392463162700647e+00
2.060363239594161566e+00
2.091982959752094029e+00
2.102054457379575414e+00
2.095664516423350054e+00
2.077175512814743108e+00
2.037757934368780166e+00
2.021458921044867463e+00
2.050710031780203835e+00
2.102916774770068997e+00
2.084110585312684893e+00
2.048916575110379945e+00
2.051979946400765087e+00
1.986171582912426903e+00
1.970604409146172520e+00
2.029515900022469843e+00
2.025211540664910714e+00
2.082498142011066200e+00
2.124107527831232467e+00
1.930646467061009730e+00
2.133480089271517333e+00
1.928179545197241440e+00
1.993877234999081871e+00
1.998900238510818328e+00
1.873343504574310980e+00
2.076312671922762476e+00
1.960552376089254700e+00
1.794990671928732073e+00
1.878303900192903386e+00
1.770394988189211816e+00
2.116317181875821518e+00
1.890955693434759999e+00
1.996585393409674669e+00
2.272592012637084657e+00
2.249714803276992914e+00
1.919652680489332131e+00
1.979284911057122009e+00
1.735577386097826968e+00
0.000000000000000000e+00
0.000000000000000000e+00
0.000000000000000000e+00
0.000000000000000000e+00
0.000000000000000000e+00
0.000000000000000000e+00
0.000000000000000000e+00
0.000000000000000000e+00
0.000000000000000000e+00
0.000000000000000000e+00
0.000000000000000000e+00
0.000000000000000000e+00
0.000000000000000000e+00
0.000000000000000000e+00
0.000000000000000000e+00
0.000000000000000000e+00
0.000000000000000000e+00
0.000000000000000000e+00
0.000000000000000000e+00
0.000000000000000000e+00
0.000000000000000000e+00
0.000000000000000000e+00
0.000000000000000000e+00
0.000000000000000000e+00
0.000000000000000000e+00
0.000000000000000000e+00
0.000000000000000000e+00
0.000000000000000000e+00
0.000000000000000000e+00
0.000000000000000000e+00
0.000000000000000000e+00
0.000000000000000000e+00
0.000000000000000000e+00
0.000000000000000000e+00
0.000000000000000000e+00
0.000000000000000000e+00
0.000000000000000000e+00
0.000000000000000000e+00
0.000000000000000000e+00
0.000000000000000000e+00
0.000000000000000000e+00
