3.771182356832829602e+27
3.865518431882837732e+29
5.075898396283524292e+29
5.011837669627799031e+29
5.588446062766737892e+29
5.015648819896548375e+29
1.229158044547284502e+29
2.462515664358229820e+29
3.137490363775764210e+28
6.078242933549491455e+28
5.221577087358746494e+28
7.469362036409105327e+28
1.509254719910886967e+29
1.154827208800220861e+29
6.223332389581636344e+28
5.711428329445358435e+28
6.862993986856834860e+28
1.171714037563467160e+29
8.672742120603016372e+28
1.506325576967374663e+29
4.207682322724429283e+28
1.396185529120269585e+28
8.718139646800802729e+27
1.734139220789388445e+27
1.548405221569047581e+28
3.767493408321502094e+27
8.707204040769928712e+27
7.810982806105893764e+27
1.464239956286545303e+28
6.203199354309900541e+27
9.468403715522072514e+27
1.928174208008557663e+27
5.930787120770862151e+27
4.784118963606805401e+27
1.264822430635354331e+28
1.927486367209726171e+27
1.700861593851239432e+28
1.838525737160234474e+27
4.154262443729053815e+26
1.649127123132018065e+26
4.509079104835459132e+26
2.955335286419965318e+26
2.573509222376093373e+27
1.394844154544198455e+27
1.045881493500591501e+27
6.003648471236332762e+26
7.240469418860109698e+26
6.072077678525941371e+25
5.446010540384435175e+25
2.335897470932715276e+26
6.466510565956422909e+26
1.565966637951271627e+26
1.715720665693216185e+26
1.982793615363101302e+26
4.334263628079072371e+24
3.311022365695905734e+26
2.845603007043685988e+26
1.129798648637415037e+27
6.088833539146442478e+26
5.795906747376479160e+25
8.970126869183122399e+25
5.273428422434127944e+26
9.539488477200315121e+25
2.161084799217885613e+26
2.704762708825744948e+26
1.801438087038978055e+26
2.227279145099264498e+26
7.164194774688100747e+24
1.120212325639146486e+26
8.302115529324888733e+25
7.986410766528782708e+25
2.199610665552940997e+24
1.662841677601696136e+26
1.396001375166832395e+26
1.398480925359778680e+26
3.703209864364927064e+22
9.073731621286501562e+13
2.090700414266742355e+23
2.360252323658894141e+13
3.730511168152918750e+13
1.907613304480614844e+13
3.294599971645369531e+13
1.158099029540406406e+14
1.096805197250135938e+14
2.398710741165150000e+13
3.533724078947491406e+13
4.260065788545603906e+13
0.000000000000000000e+00
0.000000000000000000e+00
0.000000000000000000e+00
0.000000000000000000e+00
0.000000000000000000e+00
0.000000000000000000e+00
0.000000000000000000e+00
0.000000000000000000e+00
0.000000000000000000e+00
0.000000000000000000e+00
0.000000000000000000e+00
0.000000000000000000e+00
0.000000000000000000e+00
0.000000000000000000e+00
0.000000000000000000e+00
0.000000000000000000e+00
0.000000000000000000e+00
0.000000000000000000e+00
0.000000000000000000e+00
0.000000000000000000e+00
0.000000000000000000e+00
0.000000000000000000e+00
0.000000000000000000e+00
0.000000000000000000e+00
0.000000000000000000e+00
0.000000000000000000e+00
0.000000000000000000e+00
0.000000000000000000e+00
0.000000000000000000e+00
0.000000000000000000e+00
0.000000000000000000e+00
0.000000000000000000e+00
0.000000000000000000e+00
0.000000000000000000e+00
0.000000000000000000e+00
0.000000000000000000e+00
0.000000000000000000e+00
0.000000000000000000e+00
0.000000000000000000e+00
0.000000000000000000e+00
0.000000000000000000e+00
