1.328186667968741403e+02
4.406584917185884365e+02
1.195643936742946494e+02
1.360691734959102632e+02
1.222298684240596316e+02
1.127857741348633880e+02
9.890188844890035114e+01
8.429211279536998802e+01
7.848134344819092689e+01
6.282538978134098784e+01
5.744238272499559628e+01
5.505035569586339506e+01
5.154409328099730914e+01
5.192839704089129071e+01
5.062288862536796330e+01
4.763988797306367928e+01
4.890886643940055478e+01
4.964536768992925886e+01
4.657063305884048532e+01
4.118516157378760312e+01
4.242449821591377912e+01
4.105363145507804745e+01
3.430043243709488365e+01
3.392180693250136869e+01
3.399754688916739553e+01
3.535624055797602949e+01
3.236179806555352201e+01
3.381456935580647638e+01
3.305652551412281070e+01
3.464652533197095607e+01
3.326858095206590349e+01
3.370821830499144767e+01
3.068715551293177057e+01
3.412276901999186407e+01
3.338714838839232613e+01
2.983120007199240575e+01
2.827530836172947915e+01
2.890411024009034335e+01
2.914093449180439777e+01
2.925872020430306364e+01
2.643536432127090663e+01
2.778489881071553569e+01
2.768763894357733335e+01
2.569876055745212184e+01
2.472830400837082010e+01
2.646396143445133831e+01
2.644019088107995330e+01
2.268149304388938248e+01
2.108329298042904654e+01
2.310472811497952961e+01
2.164962506170387968e+01
2.211837362277599439e+01
2.197293013857277799e+01
2.063406787473051551e+01
1.986921033021826588e+01
1.962071935193912253e+01
1.988251192297302694e+01
1.907787839923928175e+01
2.092712646992618275e+01
2.035038451535754334e+01
2.191462239564058478e+01
2.151519072920940800e+01
2.042563218747376652e+01
1.775198681640450360e+01
1.748785613636709613e+01
1.646515631146629488e+01
1.868249723828076370e+01
2.191847040855680007e+01
1.612238572841877371e+01
2.220236341966323224e+01
1.234281844262458883e+01
1.773784832669065636e+01
1.751931270181520972e+01
1.149567080584498058e+01
2.881994508216799389e+01
1.421632374105464969e+01
8.992719546586709356e+00
1.454441258687495520e+01
9.982106258956436662e+00
1.561320158053300844e+01
1.025929780877185493e+01
1.379206476510626977e+01
2.302993419937198283e+01
2.273498015590805821e+01
1.187224037195285931e+01
1.397072864620338528e+01
1.433306507450250500e+01
0.000000000000000000e+00
0.000000000000000000e+00
0.000000000000000000e+00
0.000000000000000000e+00
0.000000000000000000e+00
0.000000000000000000e+00
0.000000000000000000e+00
0.000000000000000000e+00
0.000000000000000000e+00
0.000000000000000000e+00
0.000000000000000000e+00
0.000000000000000000e+00
0.000000000000000000e+00
0.000000000000000000e+00
0.000000000000000000e+00
0.000000000000000000e+00
0.000000000000000000e+00
0.000000000000000000e+00
0.000000000000000000e+00
0.000000000000000000e+00
0.000000000000000000e+00
0.000000000000000000e+00
0.000000000000000000e+00
0.000000000000000000e+00
0.000000000000000000e+00
0.000000000000000000e+00
0.000000000000000000e+00
0.000000000000000000e+00
0.000000000000000000e+00
0.000000000000000000e+00
0.000000000000000000e+00
0.000000000000000000e+00
0.000000000000000000e+00
0.000000000000000000e+00
0.000000000000000000e+00
0.000000000000000000e+00
0.000000000000000000e+00
0.000000000000000000e+00
0.000000000000000000e+00
0.000000000000000000e+00
0.000000000000000000e+00
