-3.756858992875321962e-02
-5.775273143379861668e-02
-5.417579967690876880e-02
-5.106631198947923778e-02
-4.357601184664108840e-02
-4.368276310433398535e-02
-4.198270869760385715e-02
-3.943985502259854392e-02
-4.051560218019775034e-02
-3.933382380718872945e-02
-3.949253696839467170e-02
-3.925868407798038112e-02
-4.540216905736800534e-02
-4.582565474297817937e-02
-4.962072782679684269e-02
-4.737701405237371849e-02
-4.819759153317757644e-02
-4.889776838768068040e-02
-4.569181738129237530e-02
-4.910994023713657897e-02
-4.562526781311174867e-02
-4.323014566900180988e-02
-3.681697741469180246e-02
-4.012444225854021329e-02
-4.014450605756345047e-02
-3.643384782214839634e-02
-3.352775365610917435e-02
-3.756044294711693293e-02
-4.069923971772586302e-02
-4.028778662954485973e-02
-3.957940507705955124e-02
-4.166435109174219248e-02
-4.280341260070810033e-02
-4.276891304448665609e-02
-3.908462942958389891e-02
-3.785416546922654862e-02
-3.763839038946888843e-02
-3.684760691946876304e-02
-3.726767077112799059e-02
-3.777956404456784406e-02
-4.137745485661401684e-02
-4.042695366827649822e-02
-4.037502417613939021e-02
-4.621440898570557815e-02
-4.222008662515736727e-02
-4.541235177240406096e-02
-4.613845664981400946e-02
-4.293257816717960945e-02
-3.987750487792913329e-02
-3.596968042145492345e-02
-3.730650470420337345e-02
-4.039967216374953235e-02
-4.447545620034924763e-02
-4.312314136526597397e-02
-4.497915874464430280e-02
-3.932953858868715180e-02
-3.874957055706181042e-02
-3.891392454262001394e-02
-4.700303176817210993e-02
-5.063001995187697141e-02
-5.428594123611783090e-02
-4.861100212754136674e-02
-4.780208909263618938e-02
-4.414342943466981195e-02
-4.258229898166256827e-02
-4.689432462055382472e-02
-4.576351007274168797e-02
-3.500880450886020845e-02
-3.480479739980386206e-02
-4.090927309968044739e-02
-4.432250114442488204e-02
-3.802814867872534449e-02
-3.045043133243461458e-02
-3.480654697845467216e-02
-4.123049137142573844e-02
-3.668162581906728170e-02
-4.562146008115480766e-02
-4.776384553149649881e-02
-4.803104227644561242e-02
-3.720912841416285088e-02
-4.036348005238205722e-02
-2.787248454939698916e-02
-3.943262740081759227e-02
-3.866178501164936610e-02
-3.214554752392003584e-02
-2.929230609196282337e-02
-5.632372765896956346e-02
0.000000000000000000e+00
0.000000000000000000e+00
0.000000000000000000e+00
0.000000000000000000e+00
0.000000000000000000e+00
0.000000000000000000e+00
0.000000000000000000e+00
0.000000000000000000e+00
0.000000000000000000e+00
0.000000000000000000e+00
0.000000000000000000e+00
0.000000000000000000e+00
0.000000000000000000e+00
0.000000000000000000e+00
0.000000000000000000e+00
0.000000000000000000e+00
0.000000000000000000e+00
0.000000000000000000e+00
0.000000000000000000e+00
0.000000000000000000e+00
0.000000000000000000e+00
0.000000000000000000e+00
0.000000000000000000e+00
0.000000000000000000e+00
0.000000000000000000e+00
0.000000000000000000e+00
0.000000000000000000e+00
0.000000000000000000e+00
0.000000000000000000e+00
0.000000000000000000e+00
0.000000000000000000e+00
0.000000000000000000e+00
0.000000000000000000e+00
0.000000000000000000e+00
0.000000000000000000e+00
0.000000000000000000e+00
0.000000000000000000e+00
0.000000000000000000e+00
0.000000000000000000e+00
0.000000000000000000e+00
0.000000000000000000e+00
