3.011993049336923036e+02
6.875515100721686395e+02
2.949156064355209423e+02
3.203295573700656860e+02
3.095229684449869865e+02
3.162963748269778534e+02
2.711266199089560018e+02
1.995314701200371985e+02
1.791598294652793015e+02
1.654323865120326786e+02
2.111661233075578252e+02
2.578895568259374613e+02
3.160083927789556242e+02
2.774189773935502217e+02
2.328300937002557021e+02
2.842539401222582569e+02
2.801715915103532097e+02
2.992652369797879714e+02
3.109315242917855926e+02
3.442130216377438501e+02
2.748927781086303526e+02
2.021485457710353160e+02
1.595803841741812903e+02
1.090218535344311448e+02
1.314801450978727075e+02
1.472616056483325337e+02
1.614120289312057821e+02
2.107025742114018385e+02
2.416046079303534384e+02
2.078790641758354241e+02
1.978932154820953144e+02
2.006990946506761020e+02
1.837017040261720808e+02
1.661530573431767834e+02
1.520341239609935826e+02
1.244021260937336137e+02
1.039970552395780317e+02
6.427285671396239763e+01
5.918722678744271803e+01
5.940843778604278214e+01
5.922203737971292981e+01
7.908555890305200364e+01
1.226165789900115186e+02
1.401067360915747031e+02
1.112665764033618672e+02
6.408683159002643492e+01
5.793151882575909184e+01
4.622969434910817199e+01
5.074231507265275098e+01
5.552936621858690103e+01
7.040273087038920607e+01
5.631246351902172620e+01
4.266220226936948734e+01
5.027055384479108113e+01
4.464712107519448381e+01
5.230948022543457654e+01
6.979634033090243861e+01
7.921655584134879291e+01
1.310833535550040381e+02
1.441371292851679584e+02
1.456045552180670768e+02
2.291257218734351966e+02
1.911642794813293449e+02
2.988728516167115572e+02
3.325448794537617232e+02
2.626048009562644552e+02
2.384041098440795281e+02
1.041154549281293669e+02
6.801526864641250825e+01
1.019553478997788432e+02
1.144646693051721087e+02
8.290922235118389949e+01
1.376192431092441097e+02
2.301636372873814196e+02
3.038370063967929582e+02
1.380094402386004333e+02
6.771352545953480018e+00
1.900595429538717838e+02
4.161095540886352140e+00
5.311175303639918965e+00
4.175718619324593206e+00
4.529253215291404899e+00
5.466156003022277332e+00
5.498350995887665960e+00
4.243551349859684407e+00
4.528718973899353628e+00
5.052967029354585193e+00
0.000000000000000000e+00
0.000000000000000000e+00
0.000000000000000000e+00
0.000000000000000000e+00
0.000000000000000000e+00
0.000000000000000000e+00
0.000000000000000000e+00
0.000000000000000000e+00
0.000000000000000000e+00
0.000000000000000000e+00
0.000000000000000000e+00
0.000000000000000000e+00
0.000000000000000000e+00
0.000000000000000000e+00
0.000000000000000000e+00
0.000000000000000000e+00
0.000000000000000000e+00
0.000000000000000000e+00
0.000000000000000000e+00
0.000000000000000000e+00
0.000000000000000000e+00
0.000000000000000000e+00
0.000000000000000000e+00
0.000000000000000000e+00
0.000000000000000000e+00
0.000000000000000000e+00
0.000000000000000000e+00
0.000000000000000000e+00
0.000000000000000000e+00
0.000000000000000000e+00
0.000000000000000000e+00
0.000000000000000000e+00
0.000000000000000000e+00
0.000000000000000000e+00
0.000000000000000000e+00
0.000000000000000000e+00
0.000000000000000000e+00
0.000000000000000000e+00
0.000000000000000000e+00
0.000000000000000000e+00
0.000000000000000000e+00
