-5.001308416227550507e+10
-7.715234869440355225e+11
-5.854148730417755127e+11
-8.441102783628076172e+11
-7.943407028323077393e+11
-9.126977744470107422e+11
-7.860904659097768555e+11
-5.497063795253836060e+11
-3.565060481953627930e+11
-4.082825343612833862e+11
-5.106604584873439941e+11
-6.288880276686358643e+11
-7.228546770628768311e+11
-6.160836800306126709e+11
-4.934023606320794067e+11
-6.110505016447205811e+11
-5.485939047768054199e+11
-5.963632534437291260e+11
-5.058171166521219482e+11
-6.003683749221699219e+11
-3.786297565550640259e+11
-2.362776672348681946e+11
-1.651295599541205139e+11
-8.938513691777667236e+10
-1.481580469392989807e+11
-1.477676565987748718e+11
-1.526470549355102844e+11
-2.027330789011531982e+11
-2.684760940388894348e+11
-1.731598253080196838e+11
-1.715734385550046692e+11
-1.427596303618323975e+11
-1.539124853467909546e+11
-1.005719250537836761e+11
-1.099936024295063019e+11
-7.246176089373843384e+10
-7.251978672414363098e+10
-3.929635651740580750e+10
-3.184070878689825058e+10
-3.094877745598912430e+10
-3.521000439706401825e+10
-3.653573147288719177e+10
-9.465668191944895935e+10
-9.372722415457432556e+10
-1.092097225187808075e+11
-4.824261675174234009e+10
-4.624975258194471741e+10
-2.701018332684275055e+10
-2.163754875238493729e+10
-5.348967156380139923e+10
-6.528600128869910431e+10
-2.442837822547435379e+10
-1.958287694165332031e+10
-2.320826152573709869e+10
-1.248885846487429810e+10
-4.973548155721247864e+10
-3.091728221530831909e+10
-8.855226048446444702e+10
-8.262150224257048035e+10
-4.750058067956840515e+10
-6.594748669303352356e+10
-1.406339276480927124e+11
-5.278380575892810059e+10
-8.717831538142965698e+10
-1.018668816581071167e+11
-9.495255094163877869e+10
-6.441794652682964325e+10
-1.387020909739141464e+10
-3.960098083988533020e+10
-2.161095476917316055e+10
-4.464204521270637512e+10
-1.082580755844618416e+10
-3.740474789949168396e+10
-7.799512760896353149e+10
-7.918650301932662964e+10
-6.097417082228789330e+09
-2.392559310419421236e+05
-7.894685531547262192e+09
-1.446244455820554867e+05
-1.438226225721496739e+05
-1.271714921242184937e+05
-1.683287142447312945e+05
-7.739862622078740969e+04
-7.324618517126771621e+04
-1.273815701055186219e+05
-1.770171257076886250e+05
-1.639154536061518593e+05
0.000000000000000000e+00
0.000000000000000000e+00
0.000000000000000000e+00
0.000000000000000000e+00
0.000000000000000000e+00
0.000000000000000000e+00
0.000000000000000000e+00
0.000000000000000000e+00
0.000000000000000000e+00
0.000000000000000000e+00
0.000000000000000000e+00
0.000000000000000000e+00
0.000000000000000000e+00
0.000000000000000000e+00
0.000000000000000000e+00
0.000000000000000000e+00
0.000000000000000000e+00
0.000000000000000000e+00
0.000000000000000000e+00
0.000000000000000000e+00
0.000000000000000000e+00
0.000000000000000000e+00
0.000000000000000000e+00
0.000000000000000000e+00
0.000000000000000000e+00
0.000000000000000000e+00
0.000000000000000000e+00
0.000000000000000000e+00
0.000000000000000000e+00
0.000000000000000000e+00
0.000000000000000000e+00
0.000000000000000000e+00
0.000000000000000000e+00
0.000000000000000000e+00
0.000000000000000000e+00
0.000000000000000000e+00
0.000000000000000000e+00
0.000000000000000000e+00
0.000000000000000000e+00
0.000000000000000000e+00
0.000000000000000000e+00
