9.403129355565890670e+07
6.524836256153080463e+08
3.120154697747200131e+08
3.518267195527327061e+08
3.370436151700983644e+08
3.468922016671318412e+08
2.820977810255053639e+08
1.914760398409003615e+08
1.576706810562455058e+08
1.630972604529303014e+08
2.168609477917556167e+08
2.739694959204087257e+08
3.553292475368399024e+08
3.011227955398466587e+08
2.296184782310367525e+08
2.821724895559458137e+08
2.781540885694225430e+08
3.084499575867883563e+08
3.112572799851467609e+08
3.554522137441676259e+08
2.522316900412300527e+08
1.675739485838300586e+08
1.303866657909501642e+08
7.753635974741345644e+07
1.071539508239289522e+08
1.117125067267993093e+08
1.230051998751615435e+08
1.598269830864259601e+08
1.843674360553089678e+08
1.391958003735979795e+08
1.340215121237185150e+08
1.297817363995207548e+08
1.262364189873217791e+08
1.094249210716259331e+08
1.083035767575469315e+08
7.760913123000384867e+07
7.195905747664980590e+07
3.613905311867797375e+07
3.185353723125191033e+07
3.146163113452839106e+07
3.419469483620712161e+07
4.569880041948684305e+07
8.223699272388023138e+07
9.175966205926297605e+07
7.973548885354106128e+07
3.815158107808626443e+07
3.764272292211100459e+07
2.555354588244791701e+07
2.182111101711698994e+07
4.081997398564375192e+07
4.816770878504271805e+07
2.996652353083188832e+07
2.271322044543365389e+07
2.689410188828378543e+07
1.947966173618701845e+07
3.530737788612305373e+07
3.543648930978242308e+07
5.368622736317364872e+07
7.954350573471827805e+07
7.098372837957258523e+07
7.422643169783505797e+07
1.373599502690639496e+08
8.000466408750863373e+07
1.477574804320884645e+08
1.755422314980597794e+08
1.561374315211914778e+08
1.283213409761213809e+08
5.193188122508540750e+07
7.474786685967583954e+07
9.012938139286957681e+07
9.534493197290574014e+07
3.753913558457349986e+07
1.480709052706315219e+08
1.558807976848034859e+08
1.666978401693566144e+08
1.653282083524502441e+07
3.660430690154348849e+04
2.826686324647345021e+07
2.708140715428343901e+04
3.164280328581706999e+04
2.507257204251016810e+04
3.022103067203968385e+04
4.690935988423603703e+04
4.615252250583976274e+04
2.733427159106660838e+04
3.130405028448417579e+04
3.160638658747326917e+04
0.000000000000000000e+00
0.000000000000000000e+00
0.000000000000000000e+00
0.000000000000000000e+00
0.000000000000000000e+00
0.000000000000000000e+00
0.000000000000000000e+00
0.000000000000000000e+00
0.000000000000000000e+00
0.000000000000000000e+00
0.000000000000000000e+00
0.000000000000000000e+00
0.000000000000000000e+00
0.000000000000000000e+00
0.000000000000000000e+00
0.000000000000000000e+00
0.000000000000000000e+00
0.000000000000000000e+00
0.000000000000000000e+00
0.000000000000000000e+00
0.000000000000000000e+00
0.000000000000000000e+00
0.000000000000000000e+00
0.000000000000000000e+00
0.000000000000000000e+00
0.000000000000000000e+00
0.000000000000000000e+00
0.000000000000000000e+00
0.000000000000000000e+00
0.000000000000000000e+00
0.000000000000000000e+00
0.000000000000000000e+00
0.000000000000000000e+00
0.000000000000000000e+00
0.000000000000000000e+00
0.000000000000000000e+00
0.000000000000000000e+00
0.000000000000000000e+00
0.000000000000000000e+00
0.000000000000000000e+00
0.000000000000000000e+00
