1.030737534165382385e-01
-7.616464048624038696e-02
-4.454955756664276123e-01
3.657473027706146240e-01
-4.333275929093360901e-02
-1.840001903474330902e-02
2.347109839320182800e-03
8.677865378558635712e-03
4.987279325723648071e-02
-5.230368673801422119e-02
-3.624707460403442383e-02
6.648069620132446289e-02
-8.576881140470504761e-02
3.788543045520782471e-01
2.807130292057991028e-02
6.517661362886428833e-02
4.517429322004318237e-02
1.652123332023620605e-01
1.507311463356018066e-01
-1.505810953676700592e-02
4.265569522976875305e-02
-4.705693200230598450e-02
1.779266595840454102e-01
-3.156681656837463379e-01
-2.284995317459106445e-01
-2.550181001424789429e-03
-6.055464595556259155e-02
-9.074692428112030029e-02
-4.533104225993156433e-02
8.521562069654464722e-02
6.056619808077812195e-02
1.829215325415134430e-02
-2.551921308040618896e-01
1.377343833446502686e-01
-6.775511801242828369e-02
-1.085042580962181091e-01
-1.167765557765960693e-01
8.308358490467071533e-02
-6.220484152436256409e-02
-4.038404300808906555e-02
-5.900133028626441956e-02
3.920983057469129562e-03
-2.136774212121963501e-01
1.676044017076492310e-01
-4.827588796615600586e-02
5.233042407780885696e-03
-4.681719839572906494e-02
-1.013548150658607483e-01
5.004217475652694702e-02
2.197040058672428131e-02
-3.652512282133102417e-02
-2.379204630851745605e-01
7.111757248640060425e-02
-9.468425065279006958e-02
-1.501633971929550171e-02
4.097028076648712158e-02
2.509367465972900391e-02
1.476877089589834213e-02
-1.026194095611572266e-01
-1.127891615033149719e-01
-5.476417019963264465e-02
1.928557753562927246e-01
1.429671049118041992e-01
-3.611850365996360779e-02
1.446948349475860596e-01
4.354814300313591957e-04
6.693392992019653320e-02
6.685889512300491333e-02
1.652047336101531982e-01
-2.107384987175464630e-02
-9.726507961750030518e-02
-7.680610567331314087e-02
2.658865787088871002e-02
4.919865429401397705e-01
4.580463096499443054e-02
-4.005414247512817383e-02
1.326820701360702515e-01
3.025087714195251465e-02
-2.048328071832656860e-01
-2.311712652444839478e-01
1.013236790895462036e-01
-5.281637609004974365e-02
-3.337069600820541382e-02
1.009691655635833740e-01
-9.193734079599380493e-02
5.292313173413276672e-02
6.969496607780456543e-02
-4.408499598503112793e-02
1.180017292499542236e-01
-6.133967265486717224e-02
-2.065197676420211792e-01
3.463931754231452942e-02
-1.162641048431396484e-01
-6.984321773052215576e-02
-2.102536708116531372e-02
-1.078520715236663818e-01
-9.705775231122970581e-02
1.204848885536193848e-01
-5.777618661522865295e-02
1.927542984485626221e-01
2.238447219133377075e-01
-4.521064832806587219e-02
5.673808604478836060e-02
-1.636481471359729767e-02
1.720368117094039917e-02
1.202568337321281433e-01
1.406252384185791016e-01
-1.317888647317886353e-01
-1.118616014719009399e-01
-1.283897608518600464e-01
-1.899299025535583496e-02
-2.089999616146087646e-02
-9.324435889720916748e-02
3.976428508758544922e-02
5.905389785766601562e-02
-5.043689906597137451e-02
1.851988732814788818e-01
1.133033931255340576e-01
2.488909661769866943e-02
-1.380602866411209106e-01
-7.731360942125320435e-02
-1.272830516099929810e-01
-1.550126075744628906e-02
-1.908752508461475372e-02
2.826438657939434052e-02
6.116418540477752686e-02
-4.821101948618888855e-02
7.357726246118545532e-02
