7.120199999999999640e+00,-4.304729999999999945e-01,-2.800489999999999924e+00,-1.218450000000000033e+00,-1.562550000000000106e+00,-2.871430000000000149e+00
7.296269999999999811e+00,-9.536059999999999537e-01,-2.791929999999999801e+00,-1.093390000000000084e+00,-9.650560000000000249e-01,-3.188130000000000130e+00
7.168809999999999683e+00,-5.487919999999999465e-01,-2.421850000000000058e+00,-1.225060000000000038e+00,-1.485389999999999988e+00,-3.232470000000000176e+00
-1.329779999999999962e+00,7.197569999999999801e+00,-1.287549999999999972e+00,-2.305470000000000130e+00,-2.657979999999999787e+00,-1.997570000000000068e+00
7.437500000000000000e+00,-1.381490000000000107e+00,-2.547750000000000181e+00,-8.992809999999999970e-01,-1.304450000000000109e+00,-2.760279999999999845e+00
5.984140000000000000e+17,2.169980000000000000e+18,4.660270000000000000e+17,6.221070000000000000e+16,-1.046610000000000000e+18,1.420280000000000000e+18
1.040829999999999922e+00,1.562210000000000099e+00,-2.137439999999999785e+00,3.935029999999999806e+00,-1.795739999999999892e+00,-3.389380000000000059e+00
-6.036230000000000000e+17,6.391710000000000000e+17,6.433820000000000000e+17,-1.001030000000000000e+18,9.884530000000000000e+17,7.524380000000000000e+17
-1.034999999999999920e+00,6.473090000000000011e+00,-1.347730000000000095e+00,-2.002040000000000042e+00,-2.344930000000000181e+00,-2.073900000000000077e+00
-8.380690000000000000e+17,-1.325000000000000000e+18,-1.855700000000000000e+17,-4.091940000000000000e+18,-6.082200000000000000e+17,-1.888500000000000000e+18
-3.144930000000000225e-01,-2.142380000000000173e+00,-1.928569999999999895e+00,6.223969999999999558e+00,1.740459999999999896e+00,-2.855410000000000004e+00
6.916570000000000107e+00,-2.508429999999999827e-01,-2.401450000000000085e+00,-1.658220000000000027e+00,-1.645189999999999930e+00,-2.726150000000000073e+00
5.264050000000000118e+00,2.722259999999999958e-02,-2.688239999999999963e+00,-1.178139999999999965e+00,-4.462099999999999955e-01,-2.647889999999999855e+00
-1.165540000000000020e+00,7.060629999999999740e+00,-1.427780000000000049e+00,-2.294610000000000039e+00,-2.462460000000000093e+00,-2.176149999999999807e+00
-1.108840000000000048e+00,1.976569999999999938e+00,3.804209999999999869e+00,-2.780370000000000008e+00,-7.186010000000000453e-01,-1.937589999999999923e+00
7.453710000000000058e+00,-1.411450000000000093e+00,-2.514460000000000139e+00,-1.012480000000000047e+00,-1.254760000000000097e+00,-2.689360000000000195e+00
-9.301760000000000000e+17,2.115520000000000000e+17,8.632470000000000000e+17,2.350350000000000000e+18,4.648640000000000000e+18,1.073080000000000000e+18
2.834870000000000000e+18,-7.461520000000000000e+17,-4.854570000000000000e+17,-2.349960000000000000e+17,1.386130000000000000e+18,2.136450000000000000e+17
-1.287160000000000082e+00,2.454529999999999906e-02,-1.367790000000000061e+00,6.216479999999999784e+00,-1.587220000000000075e+00,-9.524169999999999581e-01
-1.349399999999999933e+00,7.335469999999999935e+00,-1.317800000000000082e+00,-2.308749999999999858e+00,-2.723120000000000207e+00,-2.110020000000000007e+00
2.188779999999999948e+00,4.535969999999999835e+00,-1.620889999999999942e+00,-2.537129999999999885e+00,-2.623899999999999899e+00,-2.372749999999999915e+00
-7.821399999999999464e-01,6.647929999999999673e+00,-1.567560000000000064e+00,-2.186259999999999870e+00,-2.509599999999999831e+00,-1.986920000000000019e+00
1.798890000000000100e+00,3.901409999999999823e+00,-1.816699999999999982e+00,-1.724769999999999914e+00,-2.183640000000000025e+00,-2.015070000000000139e+00
6.301359999999999850e+00,-2.727889999999999829e-02,-1.741940000000000044e+00,-1.689130000000000020e+00,-1.670099999999999918e+00,-2.919849999999999834e+00
7.169850000000000279e+00,-8.929009999999999447e-01,-2.408319999999999794e+00,-9.243879999999999875e-01,-1.509209999999999940e+00,-2.987560000000000215e+00
2.221950000000000092e+00,-1.697770000000000001e+00,-3.181379999999999875e+00,1.897739999999999982e-01,3.855350000000000055e+00,-2.278919999999999835e+00
6.675700000000000000e+18,3.200560000000000000e+17,2.118100000000000000e+18,-2.083200000000000000e+18,-5.732400000000000000e+17,-2.232060000000000000e+18
4.825599999999999667e+00,1.401729999999999920e+00,-1.868949999999999889e+00,-1.170020000000000060e+00,-2.465209999999999901e+00,-2.541189999999999838e+00
-8.537649999999999961e-01,-1.474010000000000042e+00,-1.959389999999999965e+00,-1.326419999999999932e+00,6.152149999999999785e+00,-1.239530000000000021e+00
2.561110000000000220e+00,1.863099999999999978e+00,-2.262929999999999886e+00,1.816070000000000073e+00,-1.287819999999999965e+00,-4.322189999999999976e+00
2.326449999999999907e+00,-1.477179999999999938e+00,-3.279240000000000155e+00,-1.374309999999999921e+00,4.121279999999999610e+00,-1.722769999999999913e+00
5.048309999999999853e+00,1.174469999999999903e+00,-2.601309999999999789e+00,-6.277040000000000397e-01,-1.612370000000000081e+00,-3.244400000000000173e+00
7.440360000000000085e+00,-1.290829999999999922e+00,-2.586479999999999890e+00,-9.476769999999999916e-01,-1.305569999999999897e+00,-2.807170000000000165e+00
-6.625600000000000378e-01,-8.182629999999999626e-01,-1.218730000000000091e+00,7.203059999999999796e+00,-1.130530000000000035e+00,-1.971279999999999921e+00
2.528770000000000000e+17,2.447190000000000000e+18,-3.965310000000000000e+17,-5.326860000000000000e+17,-3.285350000000000000e+18,1.908850000000000000e+18
-1.379289999999999905e+00,7.216190000000000104e+00,-1.415799999999999947e+00,-2.175399999999999778e+00,-2.630819999999999936e+00,-1.997980000000000089e+00
-6.580719999999999903e-01,5.737650000000000361e+00,-1.002599999999999936e+00,-2.125100000000000211e+00,-2.640369999999999884e+00,-1.278399999999999981e+00
-2.122650000000000000e+17,-3.869910000000000000e+17,1.110810000000000000e+18,-2.923640000000000000e+18,6.889330000000000000e+17,-9.532360000000000000e+17
-1.397469999999999990e+00,7.203660000000000174e+00,-1.263549999999999951e+00,-2.196320000000000050e+00,-2.671250000000000124e+00,-2.101560000000000095e+00
-8.518860000000000321e-01,6.163859999999999673e+00,-1.364000000000000101e+00,-1.643929999999999891e+00,-2.412739999999999885e+00,-2.101010000000000044e+00
-1.220120000000000000e+18,4.564660000000000000e+18,-7.544800000000000000e+17,-1.258070000000000000e+18,-3.949760000000000000e+17,-2.168360000000000000e+18
7.409880000000000244e+00,-1.129410000000000025e+00,-2.504799999999999915e+00,-1.017439999999999900e+00,-1.444919999999999982e+00,-2.893289999999999917e+00
-1.200199999999999934e+00,7.219339999999999868e+00,-1.439489999999999936e+00,-2.254269999999999996e+00,-2.657979999999999787e+00,-2.123709999999999987e+00
6.974630000000000329e+00,-3.197969999999999979e-01,-2.388459999999999805e+00,-1.318340000000000067e+00,-1.500920000000000032e+00,-3.278779999999999806e+00
-1.276389999999999914e+00,7.106099999999999639e+00,-1.315499999999999892e+00,-2.325089999999999879e+00,-2.612379999999999924e+00,-1.985929999999999973e+00
-6.815000000000000000e+16,2.907890000000000000e+18,3.881920000000000000e+17,2.958050000000000000e+18,2.877760000000000000e+18,2.197160000000000000e+18
-1.379289999999999905e+00,7.163520000000000110e+00,-1.205969999999999986e+00,-2.214799999999999880e+00,-2.696270000000000167e+00,-2.079860000000000042e+00
-1.211109999999999909e+00,7.292510000000000048e+00,-1.407909999999999995e+00,-2.278399999999999981e+00,-2.660410000000000164e+00,-2.245890000000000164e+00
-1.050810000000000022e+00,-1.297039999999999971e+00,-1.985460000000000003e+00,-1.836489999999999956e+00,5.855480000000000018e+00,-3.336339999999999861e-01
7.574340000000000517e-01,1.849890000000000034e+00,-2.709360000000000213e+00,-2.941720000000000113e+00,2.043709999999999916e+00,-7.855659999999999865e-01
7.287029999999999674e+00,-9.143850000000000033e-01,-2.401110000000000078e+00,-1.029670000000000085e+00,-1.499390000000000001e+00,-3.081020000000000092e+00
2.923840000000000000e+18,-7.263840000000000000e+17,4.504600000000000000e+18,1.412650000000000000e+18,-2.858450000000000000e+18,-2.695700000000000000e+18
-1.065309999999999979e+00,5.707550000000000345e+00,-2.098939999999999806e+00,-1.662860000000000005e+00,-1.977249999999999952e+00,-2.082069999999999865e+00
6.277950000000000000e+17,-5.635700000000000000e+17,-1.989720000000000000e+18,-2.237750000000000000e+18,-1.969070000000000000e+18,-3.390810000000000000e+17
-8.052240000000000000e+17,2.925970000000000000e+18,1.066510000000000000e+18,-8.036190000000000000e+17,-2.172500000000000000e+18,-1.352890000000000000e+17
2.531620000000000203e+00,2.893260000000000276e-01,2.664229999999999876e+00,-7.770890000000000297e-01,-3.185350000000000126e+00,-2.083110000000000017e+00
-2.497620000000000000e+18,-9.060130000000000000e+17,1.136400000000000000e+17,6.931660000000000000e+17,-1.488060000000000000e+18,-1.957400000000000000e+18
-1.355590000000000073e+00,7.312850000000000072e+00,-1.335269999999999957e+00,-2.285410000000000164e+00,-2.699260000000000215e+00,-2.113430000000000142e+00
3.067240000000000000e+18,-9.769410000000000000e+17,-1.240830000000000000e+18,-2.343980000000000000e+18,-5.550050000000000000e+17,-3.365860000000000000e+18
-6.628530000000000255e-01,1.552780000000000049e+00,-1.620319999999999983e+00,4.644669999999999632e+00,-1.969980000000000064e+00,-1.872039999999999926e+00
7.296599999999999753e+00,-9.299290000000000056e-01,-2.594899999999999984e+00,-1.339820000000000011e+00,-1.052159999999999984e+00,-3.117980000000000196e+00
1.890610000000000000e+18,1.819750000000000000e+17,-6.929390000000000000e+17,5.164110000000000000e+17,2.052360000000000000e+18,-1.331680000000000000e+18
-1.536100000000000021e+00,2.836879999999999846e+00,-1.778869999999999951e+00,-9.385970000000000146e-01,-1.904940000000000078e+00,3.428679999999999950e+00
-9.915310000000000512e-01,7.110159999999999592e+00,-1.378209999999999935e+00,-2.459649999999999892e+00,-2.623819999999999819e+00,-2.138380000000000170e+00
7.453599999999999781e+00,-1.348190000000000000e+00,-2.659689999999999888e+00,-8.350530000000000452e-01,-1.226429999999999909e+00,-2.863160000000000149e+00
-1.242380000000000000e+18,-7.029260000000000000e+17,7.916110000000000000e+15,2.167300000000000000e+18,1.082120000000000000e+18,1.734710000000000000e+18
7.236810000000000187e+00,-1.333650000000000002e+00,-2.860100000000000087e+00,-6.872749999999999693e-01,-1.057879999999999932e+00,-2.742189999999999905e+00
6.622930000000000206e+00,-7.726950000000000207e-01,-3.152919999999999945e+00,5.894049999999999567e-01,-1.202620000000000022e+00,-3.567089999999999872e+00
3.533250000000000000e+18,1.477290000000000000e+18,9.971940000000000000e+17,-8.247880000000000000e+15,9.024180000000000000e+17,2.511840000000000000e+18
-1.664530000000000065e+00,-6.298510000000000497e-01,-3.689629999999999854e-01,-2.331510000000000193e+00,1.476439999999999975e-01,6.630779999999999674e+00
-5.816350000000000131e-01,5.973600000000000243e+00,-1.270690000000000097e+00,-1.702139999999999986e+00,-2.582089999999999996e+00,-1.987170000000000103e+00
-9.709010000000000000e+17,-1.603240000000000000e+18,-8.650040000000000000e+16,-1.596370000000000000e+18,-2.471040000000000000e+18,1.257970000000000000e+18
-2.668120000000000047e+00,9.663859999999999673e-01,-1.113199999999999967e+00,1.201419999999999988e-01,6.698709999999999942e-01,2.399300000000000210e+00
-1.288550000000000084e+00,7.223230000000000040e+00,-1.404220000000000024e+00,-2.230280000000000040e+00,-2.629480000000000040e+00,-2.160019999999999829e+00
-6.073660000000000000e+16,1.635240000000000000e+18,3.957110000000000000e+18,-2.307100000000000000e+18,2.143390000000000000e+18,5.985220000000000000e+17
-8.238360000000000127e-01,-8.780559999999999476e-01,-1.286559999999999926e+00,6.758469999999999978e+00,-9.910820000000000185e-01,-1.600640000000000063e+00
-1.179599999999999982e+00,7.207539999999999836e+00,-1.345259999999999900e+00,-2.345180000000000042e+00,-2.694710000000000161e+00,-2.102599999999999802e+00
7.093440000000000190e+00,-7.971909999999999830e-01,-2.578809999999999825e+00,-1.137909999999999977e+00,-1.296599999999999975e+00,-2.917670000000000208e+00
-1.276129999999999987e+00,7.301520000000000010e+00,-1.368810000000000082e+00,-2.315999999999999837e+00,-2.700860000000000039e+00,-2.111549999999999816e+00
-2.238589999999999858e+00,8.016189999999999427e-02,6.519879999999999676e+00,-1.673789999999999889e+00,-1.349679999999999991e+00,-1.242939999999999934e+00
6.186220000000000000e+17,-1.825230000000000000e+18,-1.066140000000000000e+18,4.690750000000000000e+17,1.117120000000000000e+17,-3.944470000000000000e+17
-5.643899999999999473e-01,-1.215240000000000098e+00,-1.288839999999999986e+00,7.080339999999999634e+00,-7.743980000000000308e-01,-2.001819999999999933e+00
7.415009999999999657e+00,-1.389000000000000012e+00,-2.636169999999999902e+00,-8.487839999999999829e-01,-1.252199999999999980e+00,-2.693439999999999834e+00
-1.157180000000000097e+00,7.159019999999999939e+00,-1.466620000000000035e+00,-2.275760000000000005e+00,-2.545430000000000081e+00,-2.224740000000000162e+00
6.437409999999999854e+00,2.304289999999999949e-01,-2.571369999999999933e+00,-8.199400000000000022e-01,-1.779079999999999995e+00,-3.290599999999999969e+00
6.290339999999999598e+00,4.439420000000000033e-01,-2.705470000000000041e+00,-1.600510000000000099e+00,-1.369420000000000082e+00,-2.918750000000000178e+00
-1.553190000000000071e+00,5.699569999999999581e+00,9.754329999999999945e-01,-2.138450000000000184e+00,-2.965059999999999807e+00,-1.774899999999999922e+00
-8.458679999999999533e-01,7.096790000000000376e+00,-1.598279999999999923e+00,-2.428650000000000198e+00,-2.521310000000000162e+00,-2.250609999999999999e+00
-7.025670000000000526e-01,7.004269999999999996e+00,-1.669010000000000105e+00,-2.456970000000000098e+00,-2.402820000000000178e+00,-2.345800000000000107e+00
7.254299999999999748e+00,-1.040380000000000082e+00,-2.656629999999999825e+00,-6.770519999999999872e-01,-1.373869999999999925e+00,-2.996399999999999952e+00
-1.372409999999999908e+00,6.125549999999999606e+00,-6.488319999999999643e-01,-1.752939999999999943e+00,-2.281629999999999825e+00,-2.165570000000000217e+00
1.630609999999999893e+00,2.850229999999999819e+00,-3.321769999999999889e+00,-1.807420000000000027e+00,7.323260000000000325e-01,-2.096709999999999852e+00
1.087840000000000000e+18,-1.775470000000000000e+18,-8.747510000000000000e+17,-1.351360000000000000e+18,1.348340000000000000e+18,7.346750000000000000e+17
-1.227479999999999905e+00,-1.225780000000000092e+00,-1.493889999999999940e+00,-2.473739999999999828e+00,2.211469999999999825e+00,5.254100000000000215e+00
4.046260000000000190e+00,-9.389549999999999841e-01,-2.752600000000000158e+00,2.487000000000000044e-01,1.723880000000000079e+00,-4.056309999999999860e+00
-1.144879999999999898e+00,3.760020000000000029e-01,-1.451929999999999943e+00,5.128549999999999720e+00,-1.553700000000000081e+00,-6.028160000000000185e-01
2.233400000000000000e+17,-5.685230000000000000e+17,-1.288760000000000000e+18,6.778740000000000000e+17,-8.097900000000000000e+17,4.584840000000000000e+17
-1.275040000000000000e+18,7.135020000000000000e+17,6.801430000000000000e+17,7.752540000000000000e+17,6.317630000000000000e+17,-7.500700000000000000e+17
-9.461990000000000123e-01,-2.407220000000000137e+00,-1.439380000000000104e+00,6.575719999999999565e+00,1.457130000000000036e+00,-2.119990000000000041e+00
6.889700000000000379e+00,-1.044669999999999987e+00,-1.986450000000000049e+00,-1.331960000000000033e+00,-1.397939999999999960e+00,-2.529329999999999856e+00
6.556440000000000268e+00,4.711699999999999777e-01,-2.056979999999999809e+00,-2.028399999999999981e+00,-1.557509999999999950e+00,-3.298649999999999860e+00
4.569799999999999862e+00,2.536909999999999998e-01,-3.068169999999999842e+00,-2.205529999999999990e+00,2.970800000000000107e-01,-1.489729999999999999e+00
7.453269999999999840e+00,-1.393799999999999928e+00,-2.698739999999999917e+00,-8.126139999999999475e-01,-1.096219999999999972e+00,-2.959470000000000045e+00
5.410690000000000222e-01,-1.053609999999999935e+00,-2.295970000000000066e+00,5.854239999999999888e+00,5.930499999999999661e-01,-3.169340000000000046e+00
-1.249430000000000041e+00,5.307389999999999608e-01,-1.603539999999999965e+00,6.278520000000000323e+00,-1.349709999999999965e+00,-1.848049999999999971e+00
2.253379999999999939e+00,3.141849999999999921e-01,-1.921540000000000026e+00,3.948170000000000179e+00,-1.791400000000000103e+00,-3.396389999999999798e+00
-8.433739999999999570e-01,6.807349999999999568e+00,-1.573530000000000095e+00,-2.341070000000000206e+00,-2.387900000000000134e+00,-2.124010000000000176e+00
-1.334870000000000001e+00,7.250729999999999897e+00,-1.412679999999999936e+00,-2.195920000000000094e+00,-2.626199999999999868e+00,-2.123489999999999878e+00
1.015540000000000109e+00,1.697109999999999896e+00,-2.797749999999999959e-01,-1.461740000000000039e+00,-5.508929999999999660e-01,-1.696260000000000101e+00
7.446720000000000006e+00,-1.283290000000000042e+00,-2.679769999999999985e+00,-9.445139999999999647e-01,-1.156509999999999927e+00,-2.941349999999999909e+00
-1.266310000000000047e+00,7.134680000000000355e+00,-1.519339999999999913e+00,-2.006250000000000089e+00,-2.589170000000000194e+00,-2.220779999999999976e+00
-1.591790000000000038e+00,6.339190000000000325e+00,1.125459999999999905e+00,-2.689249999999999918e+00,-3.143009999999999859e+00,-2.284089999999999954e+00
-6.105650000000000244e-01,-1.926670000000000105e+00,-2.253359999999999808e+00,-1.735810000000000075e+00,6.683279999999999887e+00,-7.601480000000000459e-01
-1.138200000000000101e+00,7.239060000000000272e+00,-1.470199999999999951e+00,-2.294140000000000068e+00,-2.612540000000000084e+00,-2.252120000000000122e+00
7.117210000000000036e+00,-6.921910000000000007e-01,-2.414639999999999898e+00,-1.195980000000000043e+00,-1.600200000000000067e+00,-2.840809999999999835e+00
-1.391629999999999923e+00,7.337749999999999773e+00,-1.321199999999999930e+00,-2.217130000000000045e+00,-2.742010000000000058e+00,-2.114819999999999922e+00
-1.298570000000000002e+00,7.330540000000000056e+00,-1.370179999999999954e+00,-2.318789999999999907e+00,-2.705109999999999904e+00,-2.121809999999999974e+00
-9.170709999999999695e-01,-2.155520000000000103e+00,-2.240759999999999863e+00,-1.460960000000000036e+00,6.932269999999999932e+00,-6.433560000000000390e-01
7.412119999999999820e+00,-1.556270000000000042e+00,-2.577510000000000190e+00,-5.915139999999999842e-01,-1.405310000000000059e+00,-2.490590000000000082e+00
-1.896450000000000080e-01,6.080259999999999998e+00,-1.644160000000000066e+00,-2.135260000000000158e+00,-2.508649999999999824e+00,-1.917159999999999975e+00
5.691959999999999908e+00,5.306600000000000206e-01,-2.664530000000000065e+00,-8.111909999999999954e-01,-1.665519999999999889e+00,-2.758729999999999905e+00
-4.640219999999999900e-01,6.891449999999999854e+00,-1.781760000000000010e+00,-2.515829999999999789e+00,-2.540840000000000209e+00,-2.118300000000000072e+00
7.047220000000000262e+00,-5.530270000000000463e-01,-2.440179999999999794e+00,-1.377199999999999980e+00,-1.549539999999999917e+00,-2.834470000000000045e+00
-7.810460000000000180e-01,-6.409749999999999615e-01,-1.283360000000000056e+00,6.527899999999999814e+00,-1.103669999999999929e+00,-1.573269999999999946e+00
7.294290000000000163e+00,-8.328470000000000040e-01,-2.762950000000000017e+00,-9.886110000000000175e-01,-1.364300000000000068e+00,-2.992710000000000203e+00
2.785810000000000120e+00,7.194099999999999939e-01,9.362510000000000554e-01,-3.962319999999999731e-01,-3.707650000000000112e+00,-6.987480000000000357e-01
7.467889999999999695e+00,-1.443550000000000111e+00,-2.629389999999999894e+00,-7.330790000000000362e-01,-1.305020000000000069e+00,-2.756229999999999958e+00
-2.805329999999999768e-01,-2.197979999999999823e+00,-2.507690000000000197e+00,-1.690150000000000041e+00,6.660540000000000127e+00,-5.611949999999999994e-01
6.633779999999999788e+00,-1.727360000000000007e-01,-2.704979999999999940e+00,-1.513910000000000089e+00,-1.236229999999999940e+00,-2.747279999999999944e+00
7.447969999999999757e+00,-1.417310000000000070e+00,-2.616810000000000080e+00,-8.285249999999999559e-01,-1.273810000000000109e+00,-2.719840000000000035e+00
-1.307420000000000027e+00,7.337469999999999715e+00,-1.343499999999999917e+00,-2.254910000000000192e+00,-2.731739999999999835e+00,-2.182939999999999880e+00
-1.580929999999999946e+00,7.031290000000000262e+00,-5.065629999999999855e-01,-2.334309999999999885e+00,-2.842470000000000052e+00,-2.040680000000000049e+00
6.733159999999999812e+00,-1.384880000000000000e-01,-2.678659999999999819e+00,-1.227400000000000047e+00,-1.401499999999999968e+00,-3.047530000000000072e+00
9.197920000000000540e-01,-1.190879999999999939e+00,-1.696269999999999945e+00,6.411780000000000257e+00,-1.452399999999999913e+00,-1.919410000000000061e+00
2.085140000000000049e-01,-1.234169999999999989e-01,-1.626030000000000086e+00,5.259420000000000428e+00,-5.101290000000000546e-01,-3.061990000000000212e+00
-9.729659999999999975e-01,6.599440000000000417e+00,-1.519530000000000047e+00,-1.916369999999999907e+00,-2.194890000000000008e+00,-2.452199999999999935e+00
9.493300000000000072e-01,-1.133610000000000007e+00,-2.449739999999999807e+00,-1.926309999999999967e+00,5.210329999999999906e+00,-1.981289999999999996e+00
1.726990000000000025e+00,-2.086580000000000101e+00,-2.598259999999999792e+00,4.917189999999999728e+00,1.374109999999999943e+00,-2.858800000000000008e+00
4.706279999999999575e+00,8.498729999999999896e-01,-1.678190000000000071e+00,-6.363290000000000335e-01,-2.310820000000000096e+00,-2.396659999999999791e+00
-1.351839999999999931e+00,7.354180000000000383e+00,-1.326230000000000020e+00,-2.291780000000000150e+00,-2.746399999999999952e+00,-2.125729999999999897e+00
-1.125920000000000032e+00,7.251439999999999664e+00,-1.448800000000000088e+00,-2.377299999999999969e+00,-2.622590000000000199e+00,-2.170100000000000140e+00
1.178870000000000000e+18,7.162120000000000000e+17,1.150490000000000000e+17,1.164560000000000000e+18,5.903830000000000000e+15,-1.302860000000000000e+18
-1.622789999999999955e+00,-1.257079999999999975e+00,-1.928620000000000001e+00,-1.707419999999999938e+00,5.741340000000000110e+00,4.657060000000000088e-01
-1.134100000000000108e+00,7.184260000000000090e+00,-1.504029999999999978e+00,-2.427589999999999915e+00,-2.568160000000000220e+00,-2.024049999999999905e+00
-1.015789999999999971e+00,7.080239999999999867e+00,-1.598859999999999948e+00,-2.196849999999999969e+00,-2.457889999999999908e+00,-2.341569999999999929e+00
7.453190000000000204e+00,-1.427880000000000038e+00,-2.537389999999999812e+00,-9.889449999999999630e-01,-1.197310000000000096e+00,-2.737200000000000077e+00
-1.104959999999999942e+00,6.869469999999999743e+00,-1.613839999999999941e+00,-2.080909999999999815e+00,-2.357520000000000060e+00,-2.145760000000000112e+00
-4.594239999999999990e-01,1.773400000000000087e+00,-2.691689999999999916e+00,-2.500890000000000057e+00,3.216270000000000184e+00,-9.638020000000000476e-01
-1.531360000000000013e-02,-9.184419999999999806e-01,-2.418200000000000127e+00,-2.726069999999999993e+00,5.275800000000000267e+00,-3.102489999999999970e-01
-1.493170000000000108e+00,5.610380000000000145e+00,1.596279999999999921e+00,-2.419340000000000046e+00,-2.899010000000000087e+00,-2.118230000000000057e+00
4.288920000000000066e+00,1.916649999999999965e+00,-1.714369999999999949e+00,-1.152509999999999923e+00,-2.415039999999999853e+00,-2.844889999999999919e+00
3.765260000000000273e-01,2.396529999999999827e+00,3.218799999999999883e+00,-2.879830000000000112e+00,-2.196889999999999787e+00,-2.079429999999999890e+00
4.332430000000000000e+18,-2.044820000000000000e+18,-2.967310000000000000e+18,-1.015730000000000000e+18,-4.386810000000000000e+18,1.239250000000000000e+18
7.476860000000000284e+00,-1.500869999999999926e+00,-2.609789999999999832e+00,-7.947039999999999660e-01,-1.278070000000000039e+00,-2.638349999999999973e+00
-8.816479999999999873e-01,5.813390000000000057e+00,-6.382280000000000175e-01,-1.675499999999999989e+00,-2.675390000000000157e+00,-1.912600000000000078e+00
4.885790000000000077e+00,1.441079999999999917e+00,-3.237210000000000143e+00,-1.500440000000000107e-01,-1.022250000000000103e+00,-3.943859999999999921e+00
-9.520060000000000189e-01,6.602260000000000240e+00,-1.980520000000000058e+00,-1.713430000000000009e+00,-2.279920000000000169e+00,-1.953189999999999982e+00
-7.972010000000000485e-01,6.997880000000000322e+00,-1.565560000000000063e+00,-2.552529999999999966e+00,-2.543740000000000112e+00,-2.026089999999999947e+00
-1.030089999999999950e+00,-1.465400000000000036e+00,-1.144649999999999945e+00,7.375969999999999693e+00,-5.459460000000000424e-01,-1.780040000000000067e+00
9.303180000000000000e+17,1.446450000000000000e+18,-4.054060000000000000e+18,-3.357970000000000000e+17,2.108280000000000000e+18,6.786040000000000000e+17
-7.990890000000000493e-01,-1.293040000000000023e-01,-1.310270000000000046e+00,6.492849999999999788e+00,-1.375159999999999938e+00,-1.976380000000000026e+00
-8.827850000000000419e-01,3.538209999999999855e+00,-2.509380000000000166e+00,-1.034950000000000037e+00,-1.302229999999999999e+00,1.367669999999999941e+00
-1.296380000000000088e+00,7.327390000000000292e+00,-1.344500000000000028e+00,-2.311189999999999856e+00,-2.727679999999999882e+00,-2.125280000000000058e+00
5.043910000000000338e-01,-1.395790000000000086e+00,-2.241719999999999935e+00,-2.439049999999999940e+00,5.719079999999999941e+00,-1.349069999999999991e+00
4.557579999999999927e+03,4.408940000000000055e+02,-4.588029999999999973e+02,1.988150000000000091e+03,-1.008470000000000027e+03,-3.086989999999999782e+03
-1.386910000000000087e+00,7.241080000000000183e+00,-1.394060000000000077e+00,-2.180950000000000166e+00,-2.646720000000000184e+00,-2.039719999999999978e+00
-5.485670000000000268e-01,6.946170000000000400e-01,5.511440000000000339e+00,-1.542759999999999909e+00,-2.663730000000000153e+00,-1.463160000000000016e+00
-2.119730000000000114e+00,5.826649999999999885e-01,6.433530000000000193e+00,-1.537579999999999947e+00,-1.801439999999999930e+00,-1.504690000000000083e+00
-2.249239999999999906e+00,1.144949999999999912e+00,5.469839999999999591e+00,-1.065320000000000045e+00,-2.021040000000000170e+00,-1.342090000000000005e+00
4.127069999999999794e+00,2.227559999999999985e+00,-2.466029999999999944e+00,-1.221819999999999906e+00,-1.970720000000000027e+00,-2.704159999999999897e+00
2.147780000000000000e+18,1.046960000000000000e+18,2.475860000000000000e+18,-1.459130000000000000e+17,-5.500740000000000000e+17,5.314450000000000000e+18
9.698800000000000476e-02,-7.548160000000000425e-01,-1.706919999999999993e+00,6.854709999999999859e+00,-9.643049999999999677e-01,-2.442369999999999930e+00
-9.472829999999999862e-01,7.055649999999999977e+00,-1.654700000000000060e+00,-2.256240000000000023e+00,-2.450110000000000010e+00,-2.274929999999999897e+00
-1.062410000000000077e+00,6.836400000000000254e+00,-1.333210000000000006e+00,-2.138689999999999980e+00,-2.711129999999999818e+00,-1.952430000000000110e+00
7.456240000000000201e+00,-1.439249999999999918e+00,-2.652010000000000201e+00,-7.574509999999999854e-01,-1.258590000000000098e+00,-2.744899999999999896e+00
-5.235069999999999446e-01,-1.553479999999999972e+00,-6.657819999999999849e-01,7.006619999999999848e+00,-1.387329999999999952e+00,-1.499470000000000081e+00
-8.552229999999999555e-01,6.610619999999999941e+00,-1.636700000000000044e+00,-2.095660000000000078e+00,-2.338480000000000114e+00,-2.087990000000000013e+00
6.483910000000000000e+17,1.269450000000000000e+16,-5.098610000000000000e+17,9.480420000000000000e+17,6.428450000000000000e+17,-6.727860000000000000e+17
6.289760000000000240e+00,-2.996789999999999732e-01,-2.941609999999999836e+00,1.038430000000000047e-01,-1.393529999999999935e+00,-3.269699999999999829e+00
7.328450000000000131e+00,-1.058499999999999996e+00,-2.710269999999999957e+00,-6.496300000000000407e-01,-1.414819999999999967e+00,-2.997920000000000140e+00
-4.574960000000000000e+17,-3.803450000000000000e+18,-1.081700000000000000e+18,-1.248690000000000000e+18,-7.029150000000000000e+17,-3.040690000000000000e+18
-7.791529999999999845e-01,6.577749999999999986e+00,-1.616919999999999913e+00,-2.252540000000000209e+00,-2.216219999999999857e+00,-2.170850000000000168e+00
7.289279999999999760e+00,-1.486420000000000075e+00,-2.930260000000000087e+00,-8.343420000000000281e-01,-7.232629999999999892e-01,-2.913170000000000037e+00
-1.683410000000000073e+00,5.618330000000000268e+00,1.454239999999999977e+00,-2.660299999999999887e+00,-2.821130000000000138e+00,-1.842989999999999906e+00
-1.896370000000000000e+18,3.663620000000000000e+18,2.918600000000000000e+18,2.265090000000000000e+18,2.635600000000000000e+18,-7.293360000000000000e+17
7.363380000000000258e+00,-1.024000000000000021e+00,-2.759529999999999816e+00,-8.906819999999999737e-01,-1.241219999999999990e+00,-3.073449999999999793e+00
-1.420460000000000056e+00,7.199259999999999771e+00,-1.349280000000000035e+00,-2.138749999999999929e+00,-2.648709999999999898e+00,-2.018149999999999888e+00
-1.221230000000000038e+00,7.193870000000000431e+00,-1.486339999999999995e+00,-2.300559999999999938e+00,-2.632499999999999840e+00,-1.984949999999999992e+00
-1.053879999999999928e+00,-1.398460000000000036e+00,-1.563490000000000046e+00,-3.435979999999999812e+00,4.489379999999999704e+00,3.156320000000000014e+00
1.396379999999999955e+00,-1.007249999999999951e-01,-3.884040000000000270e-01,3.511950000000000127e+00,-1.537420000000000009e+00,-3.224270000000000191e+00
-1.310240000000000071e+00,7.336990000000000123e+00,-1.350260000000000016e+00,-2.332390000000000185e+00,-2.741229999999999833e+00,-2.075810000000000155e+00
6.590390000000000192e+00,-4.690420000000000145e-01,-2.286890000000000089e+00,-1.028610000000000024e+00,-1.627389999999999892e+00,-2.761699999999999822e+00
-1.307180000000000009e+00,7.280870000000000175e+00,-1.357509999999999994e+00,-2.236260000000000137e+00,-2.693970000000000198e+00,-2.162850000000000161e+00
5.974510000000000431e+00,-5.636430000000000051e-01,-2.449079999999999924e+00,2.621379999999999821e-01,-1.397370000000000001e+00,-3.109630000000000116e+00
7.433489999999999931e+00,-1.349660000000000082e+00,-2.469629999999999992e+00,-1.099499999999999922e+00,-1.239689999999999959e+00,-2.767790000000000195e+00
7.184779999999999944e+00,-6.749249999999999972e-01,-2.666609999999999925e+00,-1.083860000000000046e+00,-1.317860000000000031e+00,-3.148200000000000109e+00
-4.152689999999999992e-01,-2.325549999999999784e+00,-2.314579999999999860e+00,-1.366549999999999931e+00,6.878519999999999968e+00,-9.558219999999999494e-01
1.770100000000000000e+18,-9.872160000000000000e+17,-1.950490000000000000e+18,-1.296080000000000000e+18,-7.085520000000000000e+17,3.177420000000000000e+17
-1.298450000000000104e+00,7.287550000000000416e+00,-1.308670000000000000e+00,-2.256479999999999819e+00,-2.739900000000000002e+00,-2.143069999999999808e+00
-4.242049999999999987e-01,6.031699999999999839e+00,-1.908849999999999936e+00,-1.597720000000000029e+00,-2.151310000000000056e+00,-2.293200000000000127e+00
